2354 100000000
-99980421 10311
-99743203 10218
-99732567 10900
-99673767 10084
-99637941 10086
-99492936 10744
-99476413 10865
-99397713 10406
-99255980 10467
-99015886 10013
-98760957 10600
-98674314 10520
-98646751 10157
-98436268 10848
-98288624 10199
-98255584 10314
-98199440 10832
-98139780 10942
-98086524 10520
-98047649 10186
-97983411 10992
-97953677 10989
-97893067 10197
-97741286 10992
-97586466 10365
-97570075 10152
-97162346 10473
-97029737 10870
-96903326 10449
-96394696 10101
-96292757 10215
-96248732 10062
-96096660 10771
-96081227 10008
-95897441 10610
-95624773 10853
-95316421 10711
-95268984 10075
-95240193 10326
-95230350 10940
-95120203 10300
-95020798 10667
-95020173 10256
-94990320 10984
-94939885 10998
-94845268 10610
-94579860 10152
-94507422 10758
-94415548 10710
-94391799 10723
-94382394 10630
-94300745 10245
-94219351 10904
-94092519 10579
-93943108 10292
-93890422 10863
-93594680 10753
-93527171 10524
-93495503 10062
-93487011 10940
-93419611 10023
-93304837 10753
-93198980 10237
-92989475 10631
-92956890 10384
-92337862 10081
-92127908 10325
-91841421 10751
-91799253 10911
-91783499 10018
-91749581 10003
-91489196 10856
-91340265 10068
-91269607 10243
-91226886 10196
-90687397 10110
-90606638 10335
-90412608 10301
-90326350 10452
-90162185 10214
-90078130 10546
-90014392 10953
-89937560 10940
-89872664 10470
-89697054 10104
-89542330 10431
-89536766 10894
-89341262 10823
-89302190 10630
-89264650 10535
-89243660 10794
-89092923 10589
-89074236 10694
-88973001 10888
-88818565 10334
-88659137 10958
-88601475 10737
-88590539 10378
-88569730 10143
-88560778 10342
-88558689 10314
-88533892 10790
-88512915 10208
-88026736 10326
-87946202 10575
-87892240 10425
-87844124 10700
-87805064 10023
-87791235 10885
-87770722 10380
-87499959 10744
-87367147 10505
-87092382 10543
-87074389 10881
-87017841 10818
-86969383 10275
-86515587 10507
-86478708 10596
-86314837 10958
-86277131 10451
-86244264 10007
-86064770 10187
-85970905 10385
-85912578 10027
-85902184 10786
-85877304 10590
-85556131 10517
-85465434 10261
-85436359 10151
-85278565 10851
-85195592 10837
-85154671 10857
-85084660 10830
-84898560 10608
-84783547 10515
-84693046 10044
-84676508 10515
-84576493 10119
-84431587 10552
-84401766 10254
-84278253 10337
-84277583 10162
-84260045 10497
-84202223 10834
-84199480 10194
-84196903 10039
-84159645 10285
-84145649 10728
-84089025 10972
-84076311 10351
-83950216 10455
-83762494 10489
-83262455 10111
-83249818 10103
-83160830 10703
-83145741 10755
-83141787 10206
-83140283 10762
-83046357 10902
-83014254 10068
-82962841 10690
-82745660 10200
-82595764 10111
-82531395 10714
-82452451 10516
-82233420 10965
-82135390 10103
-81925481 10262
-81912744 10578
-81764228 10391
-81758587 10009
-81527776 10973
-81450774 10986
-81297558 10910
-81252156 10722
-81239319 10994
-81211178 10721
-81202827 10614
-81202819 10182
-80849505 10110
-80800732 10475
-80740962 10266
-80593364 10929
-80540825 10037
-80489135 10636
-80442725 10384
-79990164 10734
-79973600 10597
-79957204 10364
-79928003 10331
-79890012 10699
-79777026 10517
-79733108 10044
-79579122 10545
-79388838 10492
-79083994 10806
-79072855 10398
-78859321 10432
-78852676 10005
-78625834 10585
-78572214 10178
-78501602 10094
-78218678 10729
-78205510 10993
-78194330 10586
-78179439 10834
-78051904 10345
-77734020 10056
-77584579 10120
-77571159 10466
-77521287 10370
-77413939 10363
-77246664 10213
-77091263 10201
-77000094 10404
-76854235 10492
-76829904 10280
-76826969 10374
-76593243 10838
-76394463 10580
-76392511 10346
-76313076 10761
-76258340 10716
-76167784 10139
-75933917 10745
-75877046 10198
-75860991 10630
-75762876 10931
-75721880 10331
-75710735 10335
-75684834 10168
-75540977 10170
-75513337 10670
-75485562 10541
-75470574 10913
-75420650 10762
-75410384 10197
-75296797 10890
-75264015 10446
-75143238 10663
-75130444 10960
-74939468 10778
-74870354 10567
-74848747 10308
-74810351 10504
-74573401 10378
-74569746 10890
-74559489 10789
-74349907 10713
-74341764 10267
-74299654 10762
-73816987 10803
-73793005 10126
-73779682 10350
-73651090 10957
-73637063 10638
-73617504 10654
-73456647 10848
-73305267 10597
-73288110 10976
-73264420 10529
-73238660 10479
-73214603 10665
-73180248 10597
-73152497 10880
-72996314 10403
-72935886 10217
-72767934 10756
-72652466 10218
-72461565 10247
-72452804 10534
-72395048 10624
-72283904 10303
-72185643 10076
-72041378 10660
-71824143 10242
-71789475 10129
-71738572 10709
-71697249 10756
-71681296 10654
-71617106 10137
-71568631 10718
-71470350 10463
-71275008 10084
-71247392 10430
-71068247 10745
-71049715 10794
-70995083 10393
-70840707 10511
-70793676 10448
-70767871 10601
-70672593 10940
-70660737 10162
-70453462 10949
-70448546 10733
-70369294 10222
-70299689 10943
-70257739 10385
-70183169 10241
-70042412 10112
-69882882 10549
-69788186 10267
-69765764 10667
-69733352 10730
-69675240 10869
-69657753 10097
-69648663 10106
-69408511 10189
-69393565 10936
-69345993 10092
-69308528 10576
-69158913 10526
-69046109 10162
-68927855 10016
-68755393 10267
-68615531 10550
-68590825 10225
-68406625 10801
-68398222 10762
-68223358 10894
-68146673 10929
-67997604 10720
-67995299 10947
-67951567 10103
-67932203 10734
-67918318 10266
-67798225 10000
-67780671 10987
-67779546 10700
-67709180 10740
-67627093 10403
-67619603 10266
-67557352 10241
-67533951 10946
-67515448 10122
-67472254 10099
-67456756 10808
-67423120 10723
-67300150 10601
-67150848 10378
-67127381 11000
-66620735 10908
-66380837 10032
-66363262 10634
-66347574 10167
-66066978 10450
-66061190 10064
-66041708 10522
-66008492 10290
-65830612 10514
-65734420 10051
-65728489 10499
-65430363 10700
-65401905 10197
-65383855 10445
-65341033 10127
-65106778 10357
-64597010 10833
-64392836 10272
-64389119 10054
-64033331 10837
-64005768 10765
-63999438 10459
-63960517 10466
-63904724 10565
-63867411 10775
-63810986 10518
-63783887 10850
-63684268 10225
-63573065 10820
-63388708 10759
-63248200 10940
-63211367 10031
-63149176 10480
-63092759 10977
-62706486 10131
-62549048 10174
-62505311 10172
-62474044 10576
-62351049 10910
-62326091 10582
-62223094 10738
-62162214 10183
-62130201 10378
-62022592 10327
-61949758 10309
-61941530 10771
-61939943 10263
-61849152 10802
-61800143 10509
-61680085 10413
-61558111 10891
-61261156 10479
-61160172 10318
-61155172 10211
-61054665 10348
-60781927 10327
-60391217 10953
-60337947 10184
-60109295 10403
-59968346 10993
-59955252 10613
-59796304 10472
-59653503 10438
-59603792 10800
-59543786 10575
-59522998 10473
-59491273 10569
-59419977 10726
-59233423 10764
-59143243 10795
-59104535 10036
-59070569 10953
-59033779 10535
-58982320 10268
-58799291 10949
-58698335 10246
-58666634 10947
-58633994 10824
-58611455 10416
-58601177 10880
-58599359 10230
-58581896 10968
-58518076 10719
-58353352 10227
-58344722 10713
-58324185 10778
-58157486 10923
-57971723 10747
-57872764 10394
-57522434 10198
-57383035 10149
-57318140 10793
-57261436 10040
-56981777 10390
-56902136 10336
-56738386 10596
-56551756 10894
-56361364 10403
-56197037 10383
-56181248 10307
-56036164 10507
-55936368 10693
-55908348 10730
-55907793 10281
-55872679 10637
-55859545 10831
-55748506 10416
-55666365 10940
-55600541 10791
-55439667 10215
-55383321 10522
-55273483 10606
-55192255 10331
-55153791 10466
-55142269 10346
-55120345 10519
-55065457 10944
-55034532 10573
-55020732 10817
-54791078 10737
-54695280 10303
-54381045 10116
-54300153 10766
-54294140 10321
-54256252 10810
-54093457 10805
-54077647 10878
-53942230 10205
-53807642 10021
-53796595 10529
-53484192 10844
-53411669 10331
-53194934 10561
-53089780 10625
-53011459 10337
-52933352 10981
-52760412 10399
-52759247 10273
-52720716 10230
-52691527 10990
-52563615 10345
-52533539 10067
-52524394 10316
-52479272 10460
-52451504 10111
-52385805 10559
-52268666 10510
-52160032 10429
-52095401 10758
-52009956 10203
-51936518 10183
-51709634 10554
-51596276 10473
-51513031 10438
-51402005 10410
-51352640 10076
-50764146 10519
-50620658 10708
-50520304 10108
-50277595 10627
-50246140 10378
-49858619 10162
-49721823 10568
-49703260 10046
-49614958 10597
-49594331 10551
-49586440 10179
-49571483 10703
-49540443 10025
-49514676 10361
-49177688 10606
-49110116 10761
-49020686 10890
-48922385 10902
-48861565 10635
-48794852 10609
-48721363 10493
-48572089 10728
-48391310 10860
-48233088 10019
-48089329 10439
-48064228 10399
-48016152 10131
-47912270 10565
-47857688 10034
-47800580 10617
-47616000 10657
-47593094 10988
-47448742 10832
-47416447 10818
-47348224 10024
-47293873 10493
-47059967 10743
-46954811 10358
-46820685 10299
-46617937 10189
-46587408 10991
-46567090 10701
-46533079 10912
-46513065 10211
-46481189 10665
-46467615 10131
-46416093 10952
-46361400 10788
-46301562 10219
-46258329 10516
-46188206 10545
-46083626 10029
-46072347 10837
-45998668 10375
-45968435 10517
-45831733 10771
-45787150 10248
-45749101 10914
-45430731 10085
-45323230 10033
-45071929 10087
-44927626 10538
-44922232 10316
-44793193 10059
-44681038 10407
-44515914 10113
-44506786 10629
-44484337 10010
-44476114 10780
-44343445 10446
-44342589 10376
-44241198 10792
-44221822 10857
-44061944 10941
-44043287 10413
-43878117 10224
-43733466 10965
-43618424 10971
-43547961 10065
-43386039 10302
-43229156 10654
-42823445 10754
-42750103 10522
-42689406 10145
-42561667 10117
-42497703 10831
-42443207 10915
-42397060 10298
-42358803 10924
-42263522 10549
-42196513 10451
-42119169 10465
-41846709 10737
-41750447 10516
-41748698 10812
-41468370 10857
-41348634 10838
-41296199 10783
-41258385 10104
-41038074 10224
-41030814 10808
-41024936 10330
-40955943 10453
-40927434 10256
-40830301 10846
-40706601 10444
-40658366 10641
-40484953 10540
-40472547 10081
-40325412 10136
-40221548 10390
-40184104 10409
-39933302 10929
-39824262 10351
-39785248 10087
-39591489 10619
-39443900 10221
-39286063 10289
-39211595 10793
-39174785 10740
-39020380 10288
-38997950 10419
-38423216 10236
-38346676 10351
-38219041 10581
-38156350 10727
-38147917 10408
-38139790 10398
-38079948 10192
-37918168 10425
-37820147 10817
-37742378 10135
-37549830 10557
-37487064 10565
-37486647 10825
-37436442 10314
-37429021 10864
-37289713 10711
-37254778 10397
-37185465 10863
-37038112 10083
-37036319 10177
-36632963 10552
-36482849 10354
-36420500 10088
-36300176 10318
-36266164 10940
-36248387 10048
-36181164 10905
-36128771 10879
-36074953 10059
-36032653 10330
-36019411 10797
-35962774 10633
-35792181 10709
-35554988 10622
-35481513 10907
-35220351 10246
-35127143 10118
-35089883 10960
-35078499 10918
-35040210 10006
-34930570 10108
-34888215 10852
-34669089 10328
-34470095 10659
-34400062 10518
-34171993 10806
-34126878 10701
-34107510 10452
-33788004 10351
-33689408 10573
-33675451 10435
-33607520 10825
-33350024 10348
-33307295 10548
-33243934 10212
-33220561 10993
-33204896 10412
-33036707 10546
-33028740 10854
-32966531 10205
-32869626 10211
-32850199 10459
-32832193 10280
-32664728 10680
-32624597 10607
-32501223 10968
-32469991 10084
-32397877 10093
-32312443 10866
-32193840 10955
-31903164 10435
-31814369 10347
-31541566 10029
-31370557 10967
-31171487 10717
-30980227 10051
-30867093 10060
-30630058 10067
-30629530 10279
-30170756 10824
-30096768 10408
-29962508 10875
-29947830 10482
-29799192 10667
-29771316 10433
-29685468 10667
-29578717 10287
-29519689 10433
-29271551 10327
-29106088 10729
-29006802 10833
-28900119 10898
-28859962 10048
-28856731 10561
-28757932 10626
-28752914 10227
-28642115 10647
-28573934 10905
-28543481 10133
-28503905 10833
-28492195 10488
-28260106 10985
-28225441 10748
-28054268 10494
-27882383 10859
-27851299 10964
-27690346 10707
-27622858 10778
-27579238 10871
-27420460 10495
-27295931 10674
-26894121 10559
-26781697 10799
-26749688 10824
-26728542 10201
-26575754 10002
-26570390 10743
-26513669 10418
-26406843 10083
-26237508 10846
-26095564 10229
-26065864 10465
-26051958 10844
-25710800 10387
-25675859 10719
-25567887 10658
-25550727 10184
-25491314 10660
-25172893 10031
-24857033 10840
-24737807 10710
-24689775 10230
-24498917 10516
-24465001 10229
-24250618 10382
-23911686 10776
-23784949 10848
-23640507 10963
-23249623 10118
-23183208 10594
-23179326 10084
-23125634 10713
-22959407 10909
-22875646 10186
-22656559 10797
-22633760 10951
-22549193 10240
-22436209 10967
-22389609 10677
-22322307 10817
-22250638 10369
-21607001 10469
-21576235 10561
-21290336 10731
-21088457 10003
-21026993 10257
-21014668 10399
-20978127 10070
-20858106 10785
-20842604 10392
-20833573 10061
-20807790 10601
-20452360 10346
-20187656 10445
-20127037 10278
-20106014 10951
-20065161 10377
-20012221 10563
-19996416 10740
-19898640 10190
-19816375 10245
-19663944 10973
-19583648 10570
-19569290 10477
-19545070 10711
-19507476 10900
-19487330 10178
-19471494 10095
-18996605 10217
-18985754 10992
-18892585 10356
-18875242 10690
-18840091 10821
-18791520 10580
-18699848 10078
-18592779 10601
-18587798 10243
-18330615 10974
-18308734 10814
-18295271 10527
-18232499 10245
-18098292 10779
-18043364 10768
-17725523 10951
-17526016 10686
-17381510 10036
-17332871 10046
-16766486 10877
-16647843 10665
-16377454 10349
-16367070 10531
-16331993 10246
-16285371 10200
-16224768 10615
-16105615 10322
-16061671 10622
-15929545 10793
-15552889 10630
-15393392 10199
-15374821 10828
-15244455 10447
-14987762 10027
-14900230 10405
-14886446 10369
-14861101 10476
-14819366 10012
-14791038 10687
-14778420 10941
-14775372 10663
-14561650 10681
-14507574 10853
-14468255 10150
-14320908 10253
-14238126 10123
-14237217 10571
-14135527 10524
-14006665 10369
-13984226 10121
-13904632 10804
-13883506 10222
-13566021 10595
-13486960 10984
-13470004 10622
-13447760 10343
-13123725 10284
-13098624 10105
-12992311 10742
-12922103 10185
-12734031 10787
-12724293 10012
-12533514 10360
-12295519 10220
-12061197 10867
-12049114 10681
-11903716 10596
-11836126 10437
-11831107 10722
-11759775 10113
-11610243 10713
-11552825 10357
-11445684 10655
-11401833 10753
-11280033 10955
-11171360 10820
-11162216 10750
-11147275 10165
-11099467 10801
-11028712 10408
-10840597 10304
-10685547 10008
-10682582 10282
-10601134 10862
-10508355 10428
-10501030 10262
-10496647 10500
-10431591 10636
-10389052 10790
-10251416 10187
-10215451 10662
-10202531 10629
-10064672 10324
-9906004 10472
-9687308 10860
-9545047 10573
-9504490 10411
-9411650 10366
-9389317 10247
-9296613 10106
-9290828 10031
-9265912 10560
-9253760 10249
-9198412 10697
-9153006 10473
-8782136 10902
-8391966 10613
-8374178 10344
-8311633 10846
-8297769 10002
-8099784 10469
-8041839 10113
-8022131 10487
-7901801 10617
-7682284 10705
-7642477 10554
-7603132 10760
-7597330 10211
-7515285 10375
-7462624 10249
-7408411 10906
-7391592 10127
-7239361 10529
-6810443 10901
-6691883 10848
-6673311 10131
-6619184 10039
-6370964 10080
-6231079 10269
-6154200 10957
-6133867 10184
-6029825 10696
-6002440 10151
-5842859 10324
-5828282 10001
-5803225 10127
-5773733 10047
-5760194 10748
-5724679 10286
-5611636 10267
-5418871 10697
-5269653 10400
-5147036 10125
-4907498 10594
-4760504 10050
-4618645 10666
-4589465 10916
-4443868 10871
-4333517 10812
-4244703 10331
-3753831 10456
-3710328 10057
-3637339 10605
-3617037 10871
-3580304 10599
-3573566 10345
-3474160 10289
-3453050 10398
-3376337 10004
-3179566 10184
-2924152 10174
-2772264 10579
-2554294 10004
-2529005 10010
-2498651 10240
-2489531 10506
-2304870 10751
-2294296 10154
-2164089 10811
-2145529 10297
-1381370 10104
-1127755 10977
-970917 10074
-892400 10639
-862128 10897
-802734 10478
-789611 10151
-375935 10522
-363510 10655
-339350 10179
-269138 10013
-234021 10722
-232785 10146
-192623 10378
-124057 10030
-102178 10970
114652 10862
189931 10765
204064 10181
403984 10389
630204 10532
735620 10791
954729 10750
1137847 10013
1353023 10242
1374784 10523
1561197 10607
1579920 10467
1615256 10053
1729488 10131
1858503 10722
1877758 10051
1982070 10061
2050993 10451
2381600 10164
2386075 10367
2646988 10217
3033353 10896
3066769 10349
3178382 10822
3737616 10770
3762035 10053
3906502 10648
3921327 10464
4133522 10286
4180858 10386
4299779 10305
4403315 10866
4411251 10884
4724930 10011
4739876 10047
4781493 10168
4802456 10951
5026441 10002
5115781 10750
5152282 10711
5267381 10750
5615369 10164
5643063 10158
5725087 10613
5845801 10695
5970256 10896
6113919 10354
6173411 10038
6219088 10539
6223961 10388
6431793 10765
6684299 10228
6730051 10001
6841475 10290
6874430 10819
6919280 10519
7101232 10562
7201166 10616
7321755 10952
7789121 10689
7835755 10619
7946791 10897
7966774 10028
8018036 10092
8043651 10839
8199935 10298
8212526 10909
8214190 10284
8250691 10889
8404858 10584
8618752 10622
8671618 10979
8730040 10020
8957537 10029
9030041 10042
9091879 10091
9197461 10570
9356892 10042
9396755 10709
9538832 10677
9600932 10411
9605277 10535
9618724 10308
9640865 10545
9687707 10771
9868802 10945
9870371 10297
9914573 10573
10067130 10962
10088547 10355
10242457 10357
10308953 10745
10372549 10104
10589545 10033
10703895 10432
10801739 10074
10936312 10816
11023728 10163
11139773 10720
11192013 10351
11757331 10801
11858650 10151
12218811 10524
12219016 10169
12311897 10729
12364963 10255
12383907 10410
12416734 10095
12520588 10099
12678792 10294
12710816 10389
12713916 10155
12740055 10548
13037732 10743
13042239 10882
13068968 10222
13142122 10323
13278038 10569
13295623 10840
13325652 10152
13376853 10141
13498823 10407
13557080 10370
13565518 10398
13645976 10052
13710044 10356
13981130 10462
14054431 10728
14145391 10409
14150904 10759
14221732 10647
14240329 10523
14531399 10445
14534956 10293
14565440 10584
14614220 10863
14756217 10688
14830684 10542
14933295 10056
14943587 10378
14957261 10457
15130639 10996
15211354 10577
15416775 10938
15658096 10263
16047932 10022
16161812 10760
16228096 10064
16228435 10877
16273556 10191
16421146 10988
16507586 10949
16563574 10013
16587802 10880
16664484 10779
16761748 10352
16802741 10669
16967995 10505
17070876 10061
17201493 10903
17511791 10564
17522466 10592
17540492 10355
17589945 10427
17805339 10289
17870678 10652
17967238 10681
18106867 10324
18241661 10436
18279454 10047
18412553 10429
18469490 10830
18672717 10522
18829460 10631
18871323 10039
19062918 10239
19170518 10345
19177017 10165
19226110 10128
19378068 10702
19445281 10780
19521273 10466
19852458 10823
19868749 10321
19924336 10611
19956034 10167
19975316 10629
20171439 10601
20268676 10683
20277064 10912
20346229 10211
20434533 10633
20605977 10385
20608498 10999
20687621 10998
20750228 10813
20826186 10518
20906997 10247
21098230 10635
21190657 10833
21193671 10767
21401078 10194
21453052 10395
21478610 10668
21524147 10401
21526079 10321
21679985 10057
21920465 10037
21923453 10916
21949487 10544
21965751 10650
22047380 10153
22170490 10498
22241235 10953
22276337 10073
22312955 10733
22330626 10791
22522243 10333
22549337 10001
22602695 10549
22697885 10325
22748733 10164
22750520 10040
22826452 10235
22872478 10750
22927690 10615
22998910 10941
23078488 10897
23126859 10673
23247151 10911
23496517 10891
23548638 10659
23627213 10826
24017702 10579
24344696 10656
24425998 10483
24429347 10853
24446550 10007
24533151 10672
24839416 10643
25184188 10991
25334928 10170
25414818 10153
25675155 10856
25682594 10681
25721116 10232
25744178 10529
25750973 10983
26066565 10805
26230158 10284
26318605 10225
26369008 10214
26624742 10013
26733357 10475
26841364 10390
26853826 10861
26875267 10835
26942688 10341
26956013 10629
26982969 10577
27103779 10222
27165073 10359
27204588 10881
27325553 10986
27586651 10837
27599071 10279
27705838 10830
27724996 10325
27811921 10353
27995696 10914
28208729 10572
28234397 10959
28251687 10888
28300882 10383
28342530 10068
28359801 10191
28430999 10654
28499321 10598
28527317 10488
28749693 10337
28760302 10317
28818694 10795
28853922 10629
28994837 10282
29031782 10452
29192239 10907
29421942 10117
29595844 10571
29647649 10074
29678037 10774
29731503 10607
29742541 10089
29956547 10691
30010973 10208
30016216 10302
30040519 10146
30169369 10898
30365055 10804
30365645 10447
30378737 10040
30408888 10391
30454243 10285
30494837 10019
30503031 10027
30782367 10902
30783714 10582
30834289 10753
31039362 10766
31098172 10628
31395120 10890
31813949 10739
31878140 10517
31937576 10939
32050225 10377
32064277 10686
32068678 10568
32078532 10474
32084519 11000
32086639 10279
32143542 10047
32174433 10522
32449594 10386
32543067 10124
32890958 10572
32935904 10492
32943805 10679
33020444 10398
33097111 10124
33158233 10036
33251624 10297
33375589 10814
33379458 10190
33401991 10152
33416015 10530
33483385 10343
33847279 10446
33998284 10866
34022850 10425
34172067 10603
34373946 10838
34609382 10319
34616436 10476
34623348 10249
34824112 10838
34915839 10972
34922730 10264
35079085 10998
35184230 10900
35302185 10541
35394320 10253
35459120 10882
35505390 10540
35552813 10952
35566134 10037
35632679 10950
35677040 10392
35730725 10343
35750472 10384
36048845 10173
36103225 10559
36193343 10995
36222979 10970
36253302 10841
36310201 10323
36375553 10936
36447687 10634
36492904 10759
36499679 10932
36500198 10334
36513501 10277
36621922 10040
36657269 10195
36758206 10944
36764806 10332
36767328 10218
36790499 10809
36855235 10921
36858725 10180
36866898 10375
36894862 10044
36921014 10977
37095061 10049
37190737 10258
37227021 10906
37336504 10669
37609221 10156
38096400 10457
38144316 10073
38236109 10455
38320299 10118
38332735 10438
38379104 10914
38446526 10048
38502961 10160
38573235 10711
38581302 10235
38678136 10446
38893758 10652
38944889 10781
39040365 10871
39096371 10029
39316285 10107
39374204 10324
39571394 10313
39941713 10200
39979931 10637
40004843 10952
40100885 10432
40157731 10200
40159354 10200
40885925 10828
40938403 10944
40973160 10570
41034821 10209
41187683 10965
41274490 10881
41532073 10584
41644610 10880
41681799 10318
41697188 10316
41698024 10145
41732609 10934
41762636 10301
41819122 10473
42009716 10019
42014804 10651
42106374 10993
42110433 10440
42166695 10107
42179204 10494
42324225 10467
42420117 10065
42489807 10105
42490377 10079
42531527 10496
42556573 10757
42575362 10448
42709735 10303
42949665 10536
43054643 10690
43158141 10899
43450837 10370
43530464 10053
43685439 10409
43895553 10829
43990944 10081
43993762 10921
44074602 10828
44129784 10183
44213510 10759
44409131 10313
44493187 10101
44501919 10717
44532576 10595
44553292 10978
45042272 10365
45095580 10513
45167880 10704
45234323 10902
45286279 10756
45473563 10845
45545441 10453
45667576 10676
45787820 10553
45920319 10948
46035041 10967
46036451 10315
46140663 10524
46304978 10297
46327395 10289
46484324 10309
46524515 10353
46619554 10858
47015112 10270
47154077 10714
47372944 10793
47409711 10411
47535799 10765
47624248 10248
47635659 10213
47723784 10191
47913970 10897
48099168 10590
48234651 10941
48335383 10430
48803455 10731
49239637 10709
49552816 10196
49607624 10035
49628178 10912
49632014 10059
49720325 10408
49905115 10554
49925159 10317
49928418 10905
50005578 10113
50141141 10745
50265974 10382
50398592 10318
50454333 10491
50494953 10448
50510668 10335
50518010 10267
50620446 10069
50640091 10752
50837718 10112
50885954 10290
50894364 10353
50923721 10210
50962604 10249
51104312 10478
51225377 10290
51245250 10423
51247908 10358
51248346 10683
51262729 10574
51321544 10176
51557930 10295
51560883 10770
51567100 10001
51727811 10608
51872338 10325
52258746 10949
52466472 10678
52654276 10153
52789640 10328
52959804 10246
53165987 10464
53219968 10306
53506035 10803
53563704 10449
53771715 10214
53823704 10863
53832747 10597
54003686 10416
54206908 10058
55012701 10815
55034967 10801
55043966 10308
55126186 10302
55127226 10609
55188710 10089
55308874 10182
55328017 10827
55417827 10800
55459975 10491
55534117 10600
55799383 10229
55817406 10056
55850833 10380
55880406 10503
56669676 10413
56676181 10067
56893513 10517
56964286 10928
57113617 10902
57130168 10690
57131725 10134
57191022 10776
57460187 10978
57673103 10640
57706413 10740
57989220 10807
58197105 10079
58324364 10844
58667935 10441
58905760 10410
58934236 10154
59023745 10005
59146556 10777
59208826 10542
59274411 10154
59406328 10697
59462003 10627
59518029 10469
59638836 10442
59924014 10811
59927662 10605
60405465 10417
60426702 10270
60512765 10110
60642795 10335
60654968 10038
60770136 10815
60773287 10584
60895518 10751
60930018 10238
60954280 10365
60997827 10698
61063551 10608
61203896 10502
61408048 10849
61446486 10105
61477590 10197
61651476 10633
61787593 10619
61810355 10586
62235450 10633
62288763 10454
62300373 10956
62731955 10082
62785752 10876
62821753 10454
62850755 10766
63128185 10963
63185833 10282
63272235 10099
63379640 10701
63391441 10464
63512603 10225
63580539 10813
63790233 10581
63865581 10940
63964112 10213
64152988 10770
64316532 10009
65116773 10158
65162359 10626
65170096 10235
65208498 10071
65292956 10332
65297889 10935
65320895 10778
65357833 10064
65398344 10253
65454815 10128
65767324 10209
65816883 10391
65912573 10742
66070378 10711
66111291 10506
66216379 10338
66479712 10787
66620606 10169
66859663 10173
67477338 10877
67528559 10006
67803914 10096
67808222 10406
67831102 10157
67844891 10010
67859352 10445
67875332 10420
67959720 10496
67987859 10580
68012089 10540
68109736 10681
68142154 10826
68266637 10085
68321790 10676
68409822 10750
68556818 10920
68603686 10639
68664963 10104
68665056 10933
68704779 10411
68783947 10856
68885642 10160
68957423 10543
69229580 10850
69269784 10644
69468885 10042
69528649 10391
69555499 10093
69658307 10787
69678150 10765
69843706 10218
69912873 10137
69930513 10554
70457869 10778
70666689 10041
70806551 10889
71036353 10621
71053319 10020
71114937 10192
71279907 10632
71362016 10823
71397795 10869
71483033 10314
71586250 10262
71590432 10554
71594083 10881
71605507 10245
71695087 10118
71881581 10484
72081437 10491
72508705 10915
72536947 10084
72540371 10728
72586594 10875
72729457 10242
72868298 10707
72897163 10976
72947742 10057
72970852 10243
73131667 10308
73168393 10596
73438311 10346
73596463 10438
73616353 10390
73769508 10382
73823532 10890
73848619 10310
74348452 10172
74385864 10952
74392132 10989
74410509 10639
74453809 10457
74469271 10521
74624099 10420
74814537 10239
74830567 10786
74910738 10683
75085790 10551
75193360 10155
75246916 10886
75575875 10039
75627191 10939
75705690 10981
75824446 10439
75987645 10054
76338015 10709
76414895 10341
76627352 10341
76917410 10489
77149792 10212
77367562 10274
78046327 10892
78048383 10520
78128276 10200
78481118 10814
78588512 10831
78606424 10809
78613792 10310
78673101 10036
78704708 10039
78708946 10811
78868857 10146
78903453 10690
78905165 10669
78906522 10879
79007683 10277
79161785 10992
79286696 10619
79381041 10785
79395422 10075
79419092 10337
79481587 10687
79500904 10861
79565240 10211
79708287 10583
80005282 10167
80050995 10739
80094990 10198
80130862 10498
80155886 10317
80163049 10180
80332310 10567
80356862 10883
80361696 10235
80442063 10817
80462066 10288
80544022 10012
80577286 10597
80683243 10467
80735360 10965
80934439 10665
80958659 10632
80987043 10137
81069679 10793
81293018 10447
81302519 10198
81356241 10739
81365526 10876
81373746 10942
81725106 10584
81805474 10262
81867706 10007
81957051 10066
82190085 10976
82263685 10957
82307119 10507
82339612 10075
82453620 10245
82723377 10263
82810349 10082
83386737 10028
83404176 10513
83428690 10961
83462476 10449
83664703 10885
83792561 10465
84002531 10473
84021724 10580
84026929 10200
84059034 10249
84094794 10252
84284359 10276
84315119 10311
84371087 10465
84424347 10915
84606324 10455
84748417 10878
84772419 10530
85096801 10848
85310621 10704
85598260 10393
85601387 10331
85697053 10442
86091305 10985
86392266 10403
86460900 10765
86482427 10121
86518236 10075
86671560 10697
87025945 10353
87072843 10826
87145363 10408
87417132 10258
87456583 10550
88139805 10215
88181541 10116
88211863 10764
88610826 10055
88826780 10938
88894203 10562
88973681 10645
89182592 10096
89293367 10889
89532950 10125
89585164 10628
89844845 10588
89848066 10940
89871532 10422
89933528 10177
90238277 10893
90361035 10252
90409116 10099
90473495 10454
90617897 10757
90876629 10387
91298043 10339
91313753 10717
91318786 10635
91340295 10008
91353240 10780
91371158 10364
91374973 10253
91420309 10586
91467074 10998
91539368 10567
91640407 10408
91701132 10940
92199590 10402
92200199 10104
92256469 10482
92287482 10292
92399850 10688
92430313 10656
92437280 10633
92511152 10027
92555065 10509
92883638 10935
92909262 10062
93148277 10929
93279333 10419
93283618 10896
93314870 10689
93334321 10689
93578622 10983
93675854 10932
93690277 10954
93709161 10440
93798375 10535
93951151 10872
94239283 10708
94347494 10017
94458449 10161
94622566 10360
94643095 10591
94684391 10317
94776616 10553
94780646 10642
95020598 10859
95169413 10852
95172146 10791
95282664 10480
95328723 10114
95420903 10442
95431017 10158
95461157 10578
95497545 10522
95706471 10751
95874154 10565
96128561 10557
96190783 10852
96280539 10186
96325787 10721
96617496 10778
96697371 10172
96700975 10331
96758142 10326
97043170 10062
97319603 10573
97395637 10203
97428032 10553
97481849 10343
97551469 10832
97651214 10774
97694348 10920
97730776 10325
98050117 10935
98122296 10822
98122712 10771
98182030 10849
98345919 10416
98458909 10779
98594491 10226
98607416 10870
98621890 10427
98664999 10512
99251622 10659
99315843 10013
99851505 10613
99905155 10340
99913249 10956
99994024 10277
100201243 10359
100471031 10498
100640705 10369
100662713 10009
100688478 10567
100688619 10315
100805427 10219
101011819 10513
101102740 10345
101132343 10929
101158627 10178
101179840 10195
101326441 10732
101430278 10132
101565443 10440
101705233 10084
101752694 10243
101825657 10851
101988476 10427
102205679 10788
102206566 10205
102337901 10666
102344172 10079
102406384 10863
102444102 10391
102549532 10894
102646249 10431
102706407 10794
102794168 10530
102941268 10988
102961305 10200
103432527 10794
103608006 10975
103778969 10963
103789426 10546
103845096 10345
103874967 10451
104087131 10983
104213369 10832
104411473 10450
104658827 10843
104782390 10598
104828256 10318
104840053 10030
104893355 10110
104896684 10606
104939219 10783
105035168 10424
105056925 10513
105059817 10211
105233065 10521
105884655 10750
105937579 10797
105960010 10567
105989127 10057
106174966 10382
106192073 10902
106385329 10752
106441203 10388
106586173 10506
106688651 10138
106759191 10015
106933801 10062
107064165 10807
107182951 10806
107383890 10659
107410487 10328
107486420 10100
107590211 10423
107711331 10656
107793122 10366
108087825 10788
108171379 10622
108210386 10178
108409100 10574
108489703 10127
108633116 10672
108709458 10484
108770966 10214
108886947 10194
108930893 10618
109021734 10350
109089990 10123
109093245 10314
109095234 10291
109267003 10409
109458666 10643
109560125 10820
109584973 10105
109678695 10058
109687157 10735
109713077 10992
109735084 10437
110016614 10696
110020502 10380
110184441 10442
110246134 10197
110343809 10783
110435764 10935
110714544 10445
110759736 10677
110892628 10021
111117803 10154
111170337 10457
111396066 10926
111579269 10323
111737077 10228
111757291 10013
111884217 10642
112021735 10512
112119985 10009
112384726 10003
112447235 10131
112522968 10661
112524520 10229
112580891 10021
112743400 10804
112881033 10413
112958104 10196
112982449 10794
113118299 10680
113148040 10946
113150334 10827
113166296 10649
113276831 10241
113421922 10806
113451774 10482
113467475 10382
113548489 10160
113556869 10017
113579227 10762
113888260 10643
113944609 10675
114104657 10400
114470327 10640
114526479 10814
114787768 10794
114809792 10689
114827614 10203
114860427 10470
115201043 10374
115374948 10036
115476313 10554
115530850 10611
115554217 10950
115560026 10228
115575125 10381
115611035 10207
115757041 10348
115901905 10669
116086632 10726
116101833 10902
116190340 10022
116443052 10722
116532963 10031
116612857 10375
117134314 10177
117183861 10445
117186633 10354
117241010 10106
117906585 10092
117989248 10335
118016471 10868
118092204 10055
118137363 10980
118183843 10298
118317719 10445
118412325 10351
118418632 10149
118537763 10757
118581891 10518
118670418 10277
118680860 10330
118806477 10661
119036786 10313
119385525 10785
119610918 10566
119626651 10325
119673975 10569
119714526 10707
119744254 10601
119746027 10091
119774541 10126
119820678 10345
119927348 10291
120078215 10826
120275978 10031
120302891 10230
120565514 10802
120705879 10454
120723279 10681
121027985 10032
121028495 10771
121094872 10640
121147623 10933
121259525 10443
121261112 10050
121313035 10911
121462379 10280
121477382 10595
121515682 10152
121851733 10965
121916925 10998
122016331 10863
122059312 10144
122097049 10040
122379543 10048
122384640 10449
122413628 10701
122538590 10674
122565979 10038
122943715 10957
123010933 10955
123521429 10200
123686193 10764
123724896 10052
123831024 10676
123991756 10150
123998879 10337
124128197 10436
124191926 10896
124217936 10528
124481959 10080
124556313 10581
124709407 10533
124744542 10706
124847687 10903
125214899 10990
125334114 10926
125459309 10064
125475747 10380
125558242 10872
125658262 10997
125707878 10515
125805291 10652
125883073 10819
126076448 10456
126505492 10285
126667536 10719
126697519 10356
127161888 10851
127315270 10659
127400934 10250
127485080 10347
127581108 10220
127757599 10931
127909323 10138
128070104 10329
128131019 10924
128166799 10046
128218513 10011
128289152 10569
128358975 10368
128385483 10236
128410015 10331
128524735 10410
128606319 10767
128632719 10370
128750345 10312
129005924 10071
129057129 10774
129082443 10502
129235335 10673
129405435 10190
129530557 10983
129542290 10216
129742363 10517
129743189 10199
129837861 10842
129943125 10414
129978370 10397
130023111 10058
130265179 10266
130311777 10569
130336883 10948
130456672 10273
130589482 10250
130743275 10328
131069256 10626
131430288 10294
131593557 10074
131689635 10150
131694127 10081
131708004 10075
131790572 10977
131866330 10132
131898711 10284
131947985 10541
131982740 10808
132090498 10824
132375910 10590
132459396 10518
132515883 10282
132531218 10287
132591823 10651
132634301 10891
132733478 10715
132829862 10384
132986870 10111
133071835 10322
133210711 10926
133282691 10114
134144055 10613
134198048 10145
134334954 10815
134649508 10375
134653966 10872
134753966 10360
134826530 10890
134851461 10120
134892870 10273
135008347 10789
135118744 10857
135220246 10124
135221181 10873
135332509 10100
135563531 10730
135621645 10076
135976155 10195
136074658 10575
136193900 10976
136236788 10274
136372243 10626
136401247 10585
136414428 10543
136436356 10462
136573764 10529
136695801 10865
136818432 10127
136839819 10672
136913533 10422
137122122 10089
137242079 10033
137320451 10309
137547616 10783
137597742 10950
137640511 10350
137670139 10678
137923386 10659
138057730 10630
138070504 10261
138086208 10487
138199052 10893
138261205 10565
138497314 10185
138530076 10863
138638845 10934
138846565 10652
138864683 10368
139084651 10359
139188295 10522
139340889 10112
139386006 10607
139633192 10427
139710045 10789
139758407 10168
139962236 10475
140082924 10507
140136702 10286
140366200 10681
140451956 10596
140655245 10699
140753042 10107
140871786 10182
140878515 10734
140996847 10831
141177472 10774
141295630 10225
141553106 10329
141654940 10334
141831671 10647
141853717 10030
141951890 10609
142155861 10697
142284170 10811
142357132 10220
142437524 10386
142576552 10074
142686491 10107
142876703 10358
143048394 10290
143190136 10624
143222821 10560
143227849 10185
143251952 10154
143583568 10309
143606641 10462
143621373 10194
143735606 10674
143791946 10150
143795095 10404
143847793 10979
143879241 10273
143905878 10903
143946547 10358
144306340 10432
144324161 10158
144400498 10332
144407322 10232
144466026 10354
144627490 10658
144792749 10656
144892464 10874
144939940 10511
144969140 10408
145091436 10873
145144053 10190
145278601 10046
145545710 10888
145864457 10356
145873517 10878
145905358 10411
145913393 10135
146117426 10449
146171408 10442
146195202 10164
146483387 10005
146535969 10870
146687111 10797
146910394 10710
147043584 10297
147203517 10894
147259484 10230
147384505 10996
147451590 10023
147501156 10141
147623678 10460
147689203 10113
147886168 10691
147966297 10343
148281641 10533
148534375 10146
148634208 10420
148805848 10199
148881941 10030
149029828 10711
149142267 10207
149217504 10254
149235934 10018
149493692 10073
149601265 10691
149741741 10470
149761300 10569
149905831 10281
