5000 228630
-228422 -1715
-228267 195588
-228230 19107
-228202 191592
-227933 184467
-227642 -15610
-227424 43837
-227358 71768
-227298 21394
-227160 110487
-227052 115455
-226980 82227
-226830 -10190
-226767 154892
-226690 186592
-226674 144697
-226632 53190
-226630 77221
-226470 -58879
-226350 -97719
-226176 149467
-226147 -54309
-226022 -101574
-225959 -23602
-225696 -44705
-225409 167150
-225372 -28397
-225254 -7986
-225166 -213544
-225129 30262
-225120 -100133
-224937 -48736
-224825 -180210
-224538 43635
-224300 -142741
-224252 127977
-224233 -109605
-224189 14019
-224019 -194382
-223896 -113131
-223665 -12786
-223656 -122392
-223343 -178879
-223178 196021
-223161 111356
-222760 7537
-222692 -9587
-222659 -44728
-222399 192612
-222259 -179057
-222209 1351
-222146 62836
-222096 -101284
-222044 82155
-221792 -213669
-221723 163619
-221610 191867
-221452 85392
-221375 74232
-220980 -95929
-220722 -222170
-220673 192041
-220518 -101217
-220456 -63379
-220249 9293
-220043 121390
-220015 178223
-219992 100387
-219925 -31107
-219568 -199134
-219364 204971
-219275 227721
-219164 -210017
-219142 38868
-219028 114675
-218894 70666
-218801 -69747
-218797 56509
-218639 306
-218560 174140
-218370 147140
-218321 -209028
-218232 161436
-218076 43458
-217961 49007
-217934 115896
-217622 23029
-217524 -197571
-217443 -127619
-217369 -60230
-217218 -123922
-217144 35076
-217012 -23942
-216974 99425
-216820 68926
-216712 -147128
-216532 224766
-216471 -104951
-216470 67869
-216326 -48780
-216260 -20730
-216110 -170527
-216053 -108642
-215816 -212521
-215813 84991
-215625 173498
-215513 -109373
-215401 -147851
-215274 -116093
-215250 -219741
-215248 -65878
-215138 -146580
-215076 -76849
-214953 150755
-214953 153420
-214913 196757
-214688 128871
-214336 21317
-214240 157649
-214180 -71471
-214124 40907
-213987 182103
-213875 -132822
-213551 -118602
-213383 55965
-213132 217476
-213102 98070
-212996 -210342
-212952 222194
-212913 58453
-212869 -41858
-212834 185765
-212697 -130153
-212692 37486
-212645 -158612
-212610 163726
-212457 85257
-212434 59988
-212387 -139815
-212272 65967
-212249 187800
-212175 61476
-212163 765
-212092 -40321
-211497 51280
-211481 -121308
-211413 3713
-211276 188379
-211096 -27095
-211018 2322
-210708 -151330
-210649 224216
-210584 -149692
-210475 101404
-210447 17056
-210342 -77156
-210287 187086
-210269 213312
-210205 60969
-210079 11356
-210005 -180608
-209547 39568
-209424 -78126
-209421 116295
-209006 222538
-208818 -32782
-208719 136282
-208600 10828
-208473 65578
-208355 -149304
-208302 51457
-208121 79878
-208101 -94696
-208065 -40777
-208056 178657
-208049 136589
-208032 -201780
-207963 -15446
-207910 -212364
-207802 63963
-207704 216850
-207612 150691
-207572 81097
-207329 10753
-207285 -42355
-207186 19231
-207019 -138381
-206818 -32881
-206755 -135321
-206541 66436
-206329 -164460
-206294 -79842
-206192 -151181
-206103 -3415
-206049 -52693
-205932 -26792
-205804 -26933
-205795 5215
-205785 85383
-205779 -192750
-205734 32140
-205709 -62831
-205662 -14925
-205588 160318
-205570 144603
-205509 -220536
-205409 -117799
-205168 -19099
-205029 -116987
-204864 -13108
-204710 81948
-204628 170478
-204525 -51187
-204451 -26240
-204397 -54663
-204115 26664
-203752 -50948
-203740 130418
-203659 3115
-203584 -175881
-203577 31017
-203418 -152458
-203380 123023
-203336 -97095
-203320 190090
-203214 71780
-203150 -43174
-203112 -107945
-202873 176625
-202795 108449
-202271 32488
-202225 -153240
-202217 144947
-202057 126204
-201979 -220971
-201759 -8627
-201523 -201582
-201495 131908
-201078 124960
-200939 185394
-200843 -3651
-200804 129514
-200781 210236
-200608 -94219
-200526 -121946
-200450 31698
-200434 176599
-200407 96747
-200333 45282
-200260 -134047
-200204 132409
-200165 -204720
-200088 -114706
-200072 -107332
-200064 2936
-199964 146254
-199937 221066
-199718 209992
-199717 104644
-199591 81022
-199461 -133177
-199381 -221613
-199302 130835
-199160 -208859
-199022 28529
-198992 180028
-198872 45011
-198866 -138289
-198624 61400
-198531 56092
-198364 -220790
-198233 11019
-197954 123938
-197952 117591
-197764 30142
-197642 175844
-197519 -118664
-197274 -94460
-197212 76612
-197107 -105803
-197097 22072
-197038 51919
-197026 -117640
-196990 85953
-196933 -19378
-196874 -53097
-196774 -110033
-196769 -148791
-196757 99088
-196757 151736
-196750 -91006
-196527 -33427
-196346 119120
-196286 -171642
-196120 -2846
-196061 -1786
-195681 228129
-195433 32551
-195334 165344
-195130 -39064
-195099 36564
-194789 151814
-194787 -17163
-194630 -46647
-194490 20703
-193993 130192
-193364 -150705
-193152 64366
-193085 -147425
-193066 52935
-193003 167877
-192927 -213871
-192857 -153095
-192698 126054
-192517 19671
-192500 -139976
-192313 45782
-191916 30345
-191521 144596
-191489 -145029
-191467 51419
-191416 -76422
-191406 64394
-191384 142273
-191371 91054
-191264 86739
-190737 189990
-190576 13997
-190382 54276
-190160 18942
-190039 -203326
-189730 -130746
-189636 -169501
-189575 -64243
-189390 -61648
-189345 -69398
-189109 -169683
-188855 -187176
-188587 -180616
-188538 -22190
-188504 3236
-188495 -120610
-188353 191121
-188274 71934
-188214 -159548
-188210 17940
-188148 -137185
-187674 -200200
-187523 46066
-187512 80648
-187154 184618
-187144 203245
-187017 -215338
-186918 -24201
-186851 92759
-186836 -219192
-186831 -190482
-186627 -27957
-186561 -20795
-186408 104665
-186099 121344
-186002 189878
-185962 30
-185898 163967
-185443 122924
-185442 183883
-185095 115724
-185009 -92781
-184861 155528
-184700 -139683
-184621 145353
-184429 38009
-184414 10362
-184359 -60241
-184323 171211
-184300 163566
-184237 64053
-184126 -223577
-183459 -59539
-183076 -197408
-182994 166483
-182933 204003
-182912 -159935
-182849 -228168
-182815 158656
-182790 120761
-182687 147235
-182541 -48094
-182516 -85719
-182514 22706
-182397 205577
-182314 -150405
-181939 120616
-181833 -124136
-181563 203289
-181552 -104359
-181542 -73106
-181493 23072
-181374 -163350
-181305 79567
-181265 -180966
-181134 42976
-181023 -49763
-180911 118332
-180860 21103
-180827 77278
-180820 -182600
-180819 24007
-180781 -24148
-180452 -19275
-180300 191467
-180236 21391
-179966 93835
-179859 65321
-179797 20269
-179691 -105526
-179656 184765
-179631 -168453
-179538 -118257
-179511 -51742
-179302 -37338
-179301 -65755
-179131 -36413
-179051 -7526
-178894 -179353
-178636 -119810
-178438 -218885
-178434 176616
-178383 142870
-178068 95423
-178000 -188353
-177913 -134589
-177692 98394
-177688 -187405
-177616 -199079
-177570 -198228
-177557 92515
-177485 -227824
-177018 -10513
-176814 -174328
-176606 -150870
-176503 147935
-176456 77586
-176383 -59299
-176184 142782
-176149 124827
-176112 46482
-176094 -85349
-176016 -46767
-176004 -216560
-175973 137672
-175948 171782
-175798 -102670
-175679 61358
-175678 -90628
-175662 -46387
-175551 139042
-175452 -191485
-175258 90976
-175161 -53725
-174768 -96474
-174360 -190983
-174348 217924
-174258 -226795
-174039 167083
-174008 -106415
-173978 28852
-173621 -6952
-173572 98273
-173354 -197976
-173271 226945
-173208 29205
-173153 107387
-172810 -202543
-172755 158660
-172610 93380
-172509 111039
-172484 -170721
-172470 -189539
-172397 -194542
-172357 163092
-172334 144571
-172306 112194
-172053 -72337
-172015 187459
-172002 -176712
-171512 -15707
-171493 -33190
-171488 80515
-171485 91235
-171392 191056
-171313 -37069
-171099 -80824
-170785 226126
-170675 212008
-170638 83033
-170552 -88298
-170373 140124
-170178 -207314
-170177 -193799
-170044 195967
-170025 98740
-169644 188009
-169557 -70554
-169536 -28713
-169332 4668
-169329 102829
-169168 -17931
-169000 141773
-168634 -52751
-168630 96501
-168573 -50707
-168529 22709
-168494 -34433
-168486 -162937
-168449 -125433
-168389 -20227
-168345 -80642
-167933 -103816
-167734 217575
-167526 -184311
-167301 56755
-167241 78925
-167217 79603
-167134 136269
-166894 35480
-166627 -135345
-166574 34537
-166386 2981
-166256 67197
-166142 26124
-166087 -30920
-166077 -222234
-165947 186230
-165925 101707
-165476 -32888
-165435 -12095
-165407 76041
-165372 179089
-165342 73822
-165173 78406
-165149 117153
-165021 68839
-164935 34125
-164897 -84725
-164742 17998
-164534 -49116
-164498 223214
-164356 -218251
-164057 -138332
-164056 -179009
-163868 564
-163718 -113802
-163495 -68064
-163336 -214624
-162913 80525
-162847 -25516
-162752 69902
-162682 138437
-162641 -119423
-162523 -221261
-162475 20451
-162323 -138334
-162319 -15956
-161986 -190733
-161912 -96102
-161860 -34042
-161626 100044
-161528 20217
-161406 -54518
-161313 -74491
-161277 -73765
-160962 -162138
-160888 91315
-160778 -133065
-160385 -155895
-160329 -116897
-160216 -114397
-160050 199348
-159888 197195
-159884 79350
-159565 -104288
-159467 -102451
-159457 101964
-159420 98627
-159292 199185
-158862 106956
-158826 -158883
-158758 100584
-158666 214307
-158351 -180149
-158277 -227091
-158135 -217067
-158123 54136
-158113 -177921
-158079 170893
-157969 -153815
-157937 -46823
-157920 29605
-157840 -219148
-157486 -140778
-157432 -57176
-157248 15628
-157097 -190391
-156910 140001
-156804 -117143
-156780 41663
-156739 14534
-156677 219970
-156676 -228465
-156638 71492
-156599 116895
-156544 -19741
-156542 -155584
-156293 -25300
-156215 48727
-156096 148067
-156031 132299
-155831 179414
-155739 -3868
-155726 -218564
-155707 180964
-155542 115583
-155474 59995
-155175 -86682
-155094 30091
-154998 -123326
-154882 37880
-154459 102749
-154411 67847
-154224 228419
-154200 121250
-154175 88933
-153861 -78240
-153822 -51581
-153317 -183621
-153167 -51045
-153140 136769
-153017 55230
-152727 52790
-152715 -155916
-152677 98348
-152614 -112961
-152576 62588
-152530 -214951
-152507 71634
-152465 -118964
-152437 -5248
-152132 85298
-152050 165403
-152021 123646
-152003 137736
-151811 -130011
-151596 27266
-151527 -161404
-150991 -43714
-150892 202943
-150865 27939
-150837 203674
-150792 -121383
-150769 -214102
-150726 80126
-150636 26522
-150374 1054
-150353 128038
-150211 93647
-150041 33898
-149954 156681
-149952 -76791
-149925 -199185
-149920 161905
-149745 133717
-149703 74584
-149681 54627
-149405 -103049
-149342 -49023
-149057 30545
-148852 -13852
-148844 200256
-148806 192888
-148715 -184488
-148703 113760
-148482 148661
-148446 123857
-148182 153154
-147853 101081
-147803 -80208
-147676 -113779
-147667 -214524
-147455 56045
-147380 18100
-147337 -199736
-147125 120922
-146988 -110024
-146968 -201574
-146868 -94515
-146842 -137676
-146828 -87539
-146547 -19465
-146352 19776
-146168 -218038
-146120 -215751
-146073 12212
-146003 -72568
-145986 195793
-145972 220825
-145966 169883
-145877 151253
-145647 -24930
-145436 -93226
-145332 -30958
-145177 -94523
-145168 213262
-145072 -29378
-144905 -45738
-144879 -16265
-144792 213436
-144573 -134040
-144555 197370
-144525 -190780
-144524 124936
-144457 28589
-144254 -38879
-144079 -131044
-143994 139824
-143567 22735
-143507 -115668
-143344 -12474
-143324 -39686
-143265 -162559
-143067 103180
-142704 -198279
-142655 124980
-142288 72202
-142177 1128
-142058 155595
-142023 -213622
-141918 94673
-141794 -17402
-141780 -48510
-141687 -114371
-141484 167428
-141451 -184086
-141377 -215336
-141268 -154216
-141179 -206388
-140889 -99011
-140824 30557
-140618 38510
-140550 -152071
-140479 -4454
-140463 222411
-140436 204010
-140413 119623
-140211 139586
-140029 -147076
-140008 185575
-139950 129218
-139632 56401
-139497 67474
-139473 223223
-139119 -53757
-138935 43617
-138518 -70266
-138436 211261
-138337 -222744
-138303 192590
-138143 169657
-138032 -108511
-137958 -132384
-137903 209296
-137816 187777
-137788 154874
-137729 -114371
-137728 6570
-137656 -99710
-137596 170666
-137539 122238
-137464 -222812
-137392 -125511
-137391 -21560
-137318 159993
-137261 215891
-137033 -87699
-136984 139019
-136707 79400
-136689 162233
-136522 -17660
-136518 -172471
-136465 217233
-136404 -57160
-136402 212290
-136391 61852
-136246 112381
-136162 -159584
-135830 -66111
-135782 -114992
-135756 -173903
-135740 107625
-135565 218469
-135486 -163526
-134862 58084
-134821 -71063
-134794 -74597
-134781 111625
-134752 3372
-134307 -97373
-134307 71905
-134075 -56765
-134054 77442
-134046 25599
-133993 92639
-133878 158613
-133833 -166605
-133765 25167
-133647 -156852
-133556 -223509
-133550 -192886
-133470 188129
-133377 -159807
-133375 -114588
-133311 50689
-133283 -122102
-132990 5012
-132552 32646
-132487 -224438
-132377 133567
-132199 58121
-132175 -86851
-132160 62054
-132078 38298
-131997 68101
-131918 -210307
-131903 8631
-131782 -175696
-131734 189260
-131627 99489
-131593 110252
-131542 114728
-131447 217018
-131145 -9049
-131030 205979
-131020 109924
-130885 -33585
-130867 -68747
-130749 -189501
-130735 135578
-130693 -53164
-130643 -155525
-130448 -87783
-130446 64105
-130189 87043
-129793 -122464
-129776 87144
-129583 174122
-129453 -164512
-129213 2860
-129212 -213105
-129128 71970
-129052 184639
-129044 78931
-128906 -141682
-128763 -220476
-128721 -163103
-128695 167235
-128683 170118
-128349 -203562
-128325 -104194
-128122 108177
-127679 -109423
-127558 -49080
-127425 37006
-127398 7160
-127347 -136769
-127319 -197577
-126981 -98116
-126974 56252
-126759 -106337
-126529 -107782
-126242 -150166
-126167 150211
-126109 110631
-125987 -169505
-125925 -215155
-125455 51286
-125266 -150216
-124915 -117799
-124798 160501
-124603 223629
-124547 -160312
-124475 112250
-124343 -73568
-124016 -129879
-123982 128332
-123754 3400
-123751 -167490
-123658 183896
-123603 -25971
-123601 109233
-123547 128728
-123336 202193
-123313 33483
-123124 23081
-123016 -8179
-123013 115508
-122967 92530
-122862 -36829
-122766 -16228
-122750 172412
-122699 147390
-122641 -77196
-122610 -27901
-122538 227723
-122528 -90283
-122411 151269
-122272 -102818
-122182 186241
-122143 -124823
-122095 9286
-121976 117513
-121959 -170027
-121714 117118
-121647 -102793
-121584 -19818
-121481 10662
-121301 217529
-121173 161459
-120992 61819
-120852 37851
-120129 88101
-120058 -160786
-119986 70784
-119843 -38480
-119811 -211482
-119704 -149700
-119653 20270
-119374 -126961
-119349 106754
-119247 -92149
-119118 106667
-119104 -202717
-118961 -161203
-118502 -123144
-118406 -47284
-118302 21422
-118220 -68411
-118030 125949
-117863 36031
-117852 -7504
-117842 -123611
-117741 -4392
-117647 -77025
-117520 26685
-117511 -178565
-117347 135722
-117184 -184841
-117102 -9757
-116980 49978
-116823 178393
-116325 -149237
-116289 -51151
-116222 -33463
-116092 221034
-115790 -210591
-115759 192143
-115717 -130604
-115641 88235
-115550 -53045
-115396 221049
-115287 116910
-115279 72635
-115270 -226002
-115254 101678
-115190 209705
-115093 -145443
-115012 -70915
-115005 -35707
-114850 42316
-114766 140311
-114764 -212198
-114725 -48908
-114602 -49330
-114595 -104209
-114549 219604
-114480 115428
-114467 137127
-114327 106129
-113946 -8941
-113941 178841
-113839 -57528
-113730 -208541
-113704 110818
-113570 58569
-113558 -40548
-113468 26154
-113405 210651
-113377 108857
-113293 -177674
-113239 9447
-113120 17763
-113073 76090
-112935 -143028
-112920 -98939
-112663 -116984
-112638 -84944
-112615 171008
-112492 143618
-112184 -59982
-112157 -182791
-111872 85893
-111868 -216283
-111791 -87843
-111666 -28715
-111546 45279
-111494 -17239
-111365 -110331
-111306 211543
-111198 76788
-111114 -102018
-111079 -211000
-110935 -122216
-110741 199671
-110653 14713
-110454 -212870
-110310 191705
-110306 163244
-110185 -84725
-110179 -139322
-110166 57240
-109913 127622
-108906 -194963
-108552 -29366
-108471 -7404
-108356 15251
-108320 -37493
-108188 16744
-108114 210510
-108111 191671
-108015 55896
-107861 -4324
-107480 -207321
-107458 162143
-107436 -90813
-107297 3515
-107123 -226070
-107096 29808
-107011 28771
-106996 114152
-106850 -114753
-106758 -9609
-106740 195723
-106661 -223988
-106504 37814
-106428 -74435
-106365 21647
-106278 -108218
-106012 -110627
-105841 -214467
-105757 -150427
-105736 -70503
-105483 -17004
-105428 222703
-105298 9651
-105066 78588
-104738 -166867
-104683 177246
-104553 156542
-104440 64418
-104258 129072
-104250 190070
-103992 122508
-103920 67724
-103807 98630
-103771 2754
-103603 -161981
-103454 -192259
-103107 -60423
-103076 55135
-103071 -211353
-103015 -203071
-102920 -91274
-101792 -205015
-101774 193683
-101593 59148
-101592 -183722
-101482 206465
-101359 121228
-101289 -42602
-101239 185769
-101206 -34321
-101180 109575
-101020 36037
-100645 197717
-100589 15621
-100570 219265
-100559 105636
-100538 164571
-100334 -215809
-100268 -156116
-100122 -38939
-100013 -130851
-99932 -124489
-99659 193141
-99553 -160068
-99539 -80296
-99429 135850
-99394 129459
-99133 179952
-99128 1458
-99083 78063
-98912 -227207
-98860 -41732
-98758 122943
-98717 59966
-98564 -201964
-98553 -149125
-98519 -177842
-98437 114281
-98341 -15390
-98334 202114
-98227 89188
-98159 6594
-97961 -5580
-97941 48806
-97926 163517
-97607 -219747
-97594 -15515
-97519 -98634
-97473 -122096
-97343 -16992
-97094 -161440
-97084 -156063
-97083 -225749
-96978 -131857
-96654 -223639
-96607 2935
-96556 59304
-96133 80125
-95900 -92315
-95866 -191974
-95575 -217745
-95538 -134149
-95467 -172549
-95376 -186254
-95102 -171080
-95027 172387
-94983 11708
-94914 -78658
-94875 -117876
-94762 -48523
-94685 18094
-94657 64069
-94401 80152
-94358 155183
-94228 -77718
-94199 52745
-94193 88562
-94114 -151949
-94105 -40521
-94051 -149333
-93734 -198124
-93680 10970
-93583 127346
-93361 -142519
-93325 197917
-93027 -192762
-92891 139950
-92798 12956
-92576 -113541
-92548 -65826
-92513 -220781
-92446 -128924
-92344 -144122
-92185 113301
-91723 -11528
-91681 -13158
-91487 -153080
-91412 -193339
-91277 8286
-91083 -145193
-90674 -221860
-90462 202608
-90430 -171466
-90423 -61242
-90345 171679
-90244 91728
-89776 -51472
-89690 -168046
-89662 -146609
-89660 -224551
-89586 -33105
-89543 143743
-89517 33448
-89456 177425
-89402 143649
-89375 55852
-89248 80468
-89133 192339
-89030 -91201
-89019 -87959
-88692 -31088
-88660 -17439
-88563 -21618
-88524 -152556
-88486 -6200
-88312 -8320
-88238 -192423
-88219 156666
-88164 -56012
-88160 81908
-87808 62991
-87636 157184
-87631 -199482
-87006 136146
-86758 184938
-86754 145722
-86513 -134900
-86459 -100054
-86444 104240
-86287 6049
-86162 101879
-86031 168636
-85533 -133657
-85503 45540
-85387 172348
-85080 -39976
-85043 -170709
-84986 -88349
-84599 -131771
-84178 -115145
-83970 120300
-83751 -196235
-83640 -186957
-83586 -118188
-83350 96804
-83162 -211637
-83098 225622
-82809 148457
-82594 111413
-82481 -63177
-82397 -90876
-82317 152496
-82098 160074
-82072 -80776
-82015 162137
-81695 -67778
-81597 -132610
-81495 170452
-81353 19176
-81342 -202109
-81320 16504
-81067 104243
-81051 200668
-80969 -5593
-80884 164745
-80875 72158
-80694 103862
-80684 -34873
-80595 -80617
-80586 -187708
-80366 191228
-80269 125922
-80146 -152872
-80089 186681
-80050 -218312
-79917 -63494
-79886 49531
-79694 29714
-79371 -149514
-79251 66152
-79243 78546
-79223 74101
-79218 -73158
-79134 96622
-78864 47187
-78574 61744
-78569 -173577
-78506 59989
-78347 45500
-78346 -147416
-78328 56086
-78290 -115493
-78247 -122127
-78219 118837
-78143 77061
-78055 181609
-77942 27600
-77678 90837
-77497 23084
-77342 -158900
-77060 -102863
-77042 128406
-77035 162155
-76901 -125131
-76816 -121959
-76772 102574
-76664 40716
-76501 154347
-76493 25972
-76350 87560
-76303 -108867
-76206 -175101
-76022 -136377
-75960 -227028
-75894 -102143
-75831 -207735
-75644 166875
-75504 -124253
-75436 -206327
-75416 107256
-75409 -71902
-75368 151834
-75367 115055
-75283 179234
-75222 195825
-75206 22208
-75101 -199516
-75057 162656
-75053 -185718
-75000 214921
-74819 157788
-74757 146784
-74676 41546
-74597 -97768
-74339 -6984
-73965 -3609
-73918 -208487
-73623 131846
-73617 -108520
-73605 55809
-73563 -104185
-73527 20578
-73426 72611
-73286 -132388
-73185 -148341
-73138 187485
-73105 -130117
-73057 -199629
-73012 143652
-72845 21471
-72775 -190216
-72588 -37548
-72560 207959
-72508 88948
-72265 -18319
-72223 135525
-72113 -160175
-71950 54400
-71891 184444
-71870 -132106
-71656 -78313
-71647 -218154
-71581 8289
-71568 96617
-71431 -177002
-71024 57951
-70970 145630
-70865 -145385
-70644 224970
-70637 9631
-70553 -225937
-70404 51095
-70297 -159142
-70141 -186961
-69962 85052
-69922 206493
-69784 -113377
-69734 -15894
-69602 79270
-69556 169054
-69501 48813
-69372 -93303
-69187 -213242
-69102 6847
-69007 -199569
-68809 -45480
-68762 -27251
-68674 168155
-68639 172232
-68580 -195682
-68574 -164423
-68545 -37905
-68519 -120852
-68440 13837
-67807 -191207
-67563 -10246
-67533 -214378
-67145 -105760
-66942 198553
-66941 -215247
-66908 212975
-66739 10778
-66727 -158662
-66661 -49949
-66523 -105213
-66430 -26565
-66354 -5865
-66019 -104132
-65819 129862
-65792 142428
-65747 -86550
-65724 13223
-65392 191447
-65308 -10172
-65223 -39732
-65148 60822
-65027 148260
-64919 25358
-64669 64494
-64593 41932
-64503 194256
-63942 166326
-63805 216268
-63649 -69318
-63407 -24686
-63124 -135996
-63071 28534
-63044 184373
-62785 -77742
-62664 188248
-62494 -87367
-62342 77545
-62200 185606
-62135 147453
-62052 -206128
-61937 -70713
-61792 -86013
-61665 -53656
-61619 220596
-61327 127332
-61146 151635
-61009 -77672
-60957 -18564
-60903 18647
-60839 -138104
-60727 -49613
-60260 -9823
-59928 -111294
-59856 28609
-59662 -43850
-59582 -75783
-59417 228440
-59303 17968
-59068 26601
-59052 176098
-58937 -118970
-58869 56488
-58814 12164
-58760 -147321
-58720 -30843
-58580 168760
-58556 52217
-58399 -214089
-58384 69655
-58127 36081
-57995 -175797
-57981 163271
-57847 171737
-57679 -171112
-57361 188778
-57226 31939
-57225 -128504
-56969 -11002
-56956 202243
-56448 6089
-56403 -4062
-56393 -71557
-56351 205728
-56193 151627
-56121 94410
-55961 67477
-55866 -80554
-55797 -147184
-55792 151385
-55734 -110872
-55535 -119921
-55529 -198170
-55216 -109136
-55099 10915
-54979 -151583
-54803 53527
-54630 -20081
-54572 116376
-54470 -37726
-54008 130727
-53674 -96125
-53636 81627
-53607 -216667
-53447 145598
-53175 102199
-53067 35591
-53038 220029
-53016 -204341
-52982 129810
-52425 -197468
-52384 -3900
-52202 78606
-51916 23796
-51708 -51405
-51455 193767
-51452 192413
-51335 -75135
-51209 -171761
-51027 57738
-51013 -109633
-50906 126135
-50869 -131141
-50865 196381
-50847 112783
-50838 93579
-50724 -104164
-50718 -53020
-50717 -148231
-50266 39323
-50154 -132326
-49911 173161
-49665 -118813
-49594 -17200
-49445 177743
-49397 130873
-49253 213376
-48923 -82340
-48747 102356
-48673 -212241
-48398 207109
-48322 -170907
-48286 77310
-48265 148496
-48240 56682
-48169 -138124
-47949 54216
-47768 129761
-47716 -131333
-47641 218012
-47564 -86208
-47457 -6036
-47342 -125378
-47333 -216770
-47302 227914
-47293 -100751
-47255 156402
-47194 19957
-47022 -118901
-46839 -48068
-46676 -100937
-46574 -124904
-46502 63625
-46476 220268
-46431 -14360
-46287 53560
-46236 119460
-46199 -76390
-46199 122279
-46158 -77307
-46095 -40575
-45963 -10303
-45916 224993
-45803 23443
-45761 -89929
-45752 221494
-45560 -37699
-45478 4561
-45438 -73643
-45375 -60679
-44942 -82138
-44862 96856
-44749 -31402
-44729 -124713
-44714 -36849
-44494 162923
-44258 -18070
-43975 11385
-43969 -14657
-43791 -80312
-43707 219179
-43652 -64524
-43596 -135359
-43596 73085
-43226 96648
-43212 161633
-43017 -73729
-42832 -43664
-42737 -86976
-42579 161615
-42558 22122
-42144 103760
-42106 174724
-42090 -108320
-42035 -132024
-41967 -79576
-41918 103133
-41917 -64379
-41876 -175004
-41835 -59669
-41808 -140694
-41690 -111591
-41652 -77340
-41537 6567
-41469 129740
-41453 26369
-41246 -201560
-40956 -63960
-40878 -2453
-40755 -82345
-40675 -111206
-40475 102901
-40440 -164552
-40292 46480
-40220 -213724
-40204 201957
-40203 -15668
-40169 -63909
-40132 -166983
-40007 78636
-39878 -205275
-39872 -113864
-39861 15142
-39570 52482
-39534 89273
-39413 -153842
-39176 -62360
-39083 130310
-38991 -182924
-38707 -83265
-38695 -47547
-38436 -20876
-38418 -120212
-38379 -220020
-38312 143593
-38308 -126033
-38308 110106
-38254 170738
-38245 -188689
-38090 26594
-38050 -200468
-38028 89697
-37771 -43448
-37704 -199082
-36960 -70754
-36937 122481
-36846 -167470
-36786 -129471
-36746 123585
-36742 11850
-36620 -161483
-36377 121803
-36301 -141587
-36242 -138623
-35768 98386
-35742 14756
-35614 -52410
-35582 -128938
-35465 6484
-35415 -171199
-35399 -9853
-35394 198921
-35336 78234
-35282 11399
-35229 -197008
-35221 -209844
-35134 79186
-35063 104661
-34943 -77634
-34743 -80636
-34683 11830
-34623 100842
-34597 14142
-34082 -127927
-34074 32823
-33940 176671
-33868 221115
-33797 124755
-33722 115610
-33658 60391
-33640 148830
-33627 115441
-33529 -195136
-33444 158189
-33420 -35437
-33283 149344
-33206 56406
-33141 -108947
-33063 3162
-32885 118887
-32674 121706
-32502 -36028
-32502 -17326
-32466 118176
-32433 143311
-32389 35078
-32067 -189349
-32042 28399
-31907 119347
-31864 80845
-31596 -209076
-31554 -122730
-31520 -158108
-31508 -132291
-31433 58889
-31410 112512
-31301 -192094
-30731 52218
-30479 -182533
-30212 -143255
-29973 -64332
-29971 -150580
-29753 -32940
-29658 -63019
-29656 -53913
-29584 -56398
-29550 43511
-29524 -122369
-29514 102497
-29313 -118949
-29037 225657
-28974 19455
-28940 168847
-28927 -18124
-28720 -130815
-28625 -16707
-28355 -147556
-28326 103018
-28296 38999
-28211 96874
-28039 125738
-27957 65035
-27936 -82998
-27803 55805
-27724 -200610
-27562 -64729
-27323 200565
-27013 -95051
-26857 62678
-26837 116473
-26818 -15939
-26698 44613
-26670 -104467
-26572 -143452
-26474 190123
-26331 29845
-26230 132229
-25770 -111125
-25755 76657
-25737 -206679
-25726 -93182
-25659 -154435
-25629 42071
-25308 -156514
-25298 28658
-25199 -206064
-25189 -131460
-25077 129454
-24930 45214
-24860 -144674
-24750 -215949
-24724 -31519
-24577 175383
-24363 227424
-24193 12472
-24160 129829
-24109 -218547
-23966 -30558
-23910 8537
-23884 92537
-23467 -205752
-23466 -217336
-23449 144571
-23445 217289
-23128 -34451
-22943 119103
-22889 -178271
-22839 19645
-22835 -157313
-22798 93280
-22752 54903
-22669 -162969
-22658 110172
-22618 -173571
-22364 11889
-22197 68272
-22030 108725
-21538 -28498
-21532 -87533
-21357 -7096
-21337 80181
-21258 -126429
-20919 -187346
-20861 96257
-20849 -39377
-20576 47015
-20510 -45914
-20402 -149951
-20287 135177
-20251 63540
-20240 204342
-20146 -209751
-20126 -11779
-19934 -221719
-19810 10932
-19766 -95358
-19466 -69579
-19451 78396
-19435 -173283
-19374 163509
-19258 -96079
-18931 -51233
-18848 -91913
-18779 175290
-18646 -36506
-18515 22317
-18267 224631
-18173 -25935
-17911 -219308
-17879 -110414
-17859 128190
-17785 53861
-17749 181053
-17716 -224389
-17704 -53821
-17601 -54901
-17589 -60795
-17489 -20955
-17426 180488
-17232 25998
-17111 201678
-17021 135534
-16626 -226485
-16597 -45467
-16531 -176868
-16369 221986
-16081 -9722
-16053 -165573
-15905 -197375
-15797 -18311
-15704 -170482
-15586 -178873
-15535 128040
-15510 -38000
-15497 -7576
-15413 52515
-15382 221724
-15165 28441
-15039 -58479
-15029 -228375
-14984 178955
-14951 185476
-14909 1837
-14550 -212009
-14490 54138
-14314 141956
-14174 -210407
-14113 54127
-14041 224474
-13943 74099
-13878 153117
-13780 149453
-13708 41367
-13613 193507
-13503 -214319
-13147 -111403
-13013 -226769
-12970 49264
-12964 202871
-12661 -140651
-12461 202964
-12363 25462
-12179 -193235
-11926 -64055
-11709 -120863
-11598 -81721
-11553 15177
-11516 59399
-11511 123410
-11289 192022
-11252 198121
-11187 -143377
-11164 174183
-10973 214181
-10828 178726
-10818 -30683
-10755 157164
-10701 171556
-10651 -95929
-10649 139934
-10473 64244
-10398 -135653
-10368 227469
-10317 136882
-10296 144042
-10263 135267
-10023 94312
-9853 106979
-9823 146401
-9649 165628
-9563 78327
-9516 -23671
-9440 -13837
-9318 -135844
-9287 -185983
-9202 54984
-9108 -116253
-8658 -3565
-8604 -9981
-8579 26596
-8463 -7986
-8445 188893
-8325 71876
-8130 73174
-7977 -212098
-7847 66519
-7747 165994
-7582 164595
-7457 -210747
-7411 81704
-7233 -50259
-7166 -201704
-7123 -91967
-6929 40021
-6924 132315
-6812 -143591
-6671 37821
-6571 81561
-6303 221277
-6146 -208753
-6128 132116
-5901 160470
-5668 221968
-5523 -83987
-5371 4090
-5088 -182786
-4554 -29145
-4464 -152800
-4446 51565
-4353 197767
-4296 105036
-3833 -42069
-3804 23907
-3554 -51551
-3402 17720
-3131 194716
-3126 224165
-2976 55978
-2808 -169474
-2355 89160
-2185 37755
-2015 152059
-1820 -66063
-1801 3824
-1791 -157006
-1674 66245
-1647 63033
-1611 -158736
-1489 191518
-1295 133148
-1173 -7004
-974 -145948
-962 24168
-647 -114684
-470 143014
-219 -126113
-202 88273
-22 188407
-14 -14334
-10 -91005
211 73130
271 -137112
271 -132120
360 -28358
368 203361
377 -56817
592 -1740
668 -158911
707 138663
731 71284
923 -179394
929 219368
1012 38614
1131 -156296
1178 -10244
1396 2987
1433 94553
1511 66560
1712 -136395
2391 145082
2408 87381
2569 -49338
2867 -79051
2983 129055
3024 193291
3060 -96683
3107 -19771
3118 -112166
3475 136174
3487 -214105
3711 -161180
3720 158982
3861 109917
3915 61250
3967 -103635
4057 190064
4087 -53501
4147 126404
4149 168975
4309 -37398
4358 -144201
5126 118107
5400 -6205
5494 106142
5518 -209434
5568 -52900
5676 -180706
5758 144644
5771 181565
5803 -54276
5836 130520
6225 215315
6301 -42053
6540 -107779
6586 -27025
6655 -8217
6685 -158934
6739 -189123
6859 17029
6974 182860
7011 223778
7021 25245
7176 208250
7371 192278
7457 165259
7545 -49036
7686 -103110
7719 8120
7720 40475
7739 -163887
7740 -12416
7856 201682
7858 35316
7873 -173632
8096 -5016
8236 168446
8241 -31423
8369 -141314
8392 182696
8499 -34753
8510 -154770
8567 193351
8616 115422
8879 -43426
9010 -163600
9079 -148986
9130 145626
9191 72417
9427 5091
9478 158973
9478 173519
9595 108155
9715 91651
9747 -19810
9801 -177518
9868 -190496
9874 -71621
9935 105025
10116 1077
10297 -43054
10345 58344
10463 -120831
10658 114498
10772 -11376
10817 57482
10841 -101655
10849 54175
10901 -170190
10927 -185500
10935 111182
11085 99133
11117 10131
11130 198987
11196 -178991
11258 172266
11396 -103943
11552 197073
11591 -6037
11664 199056
12056 159616
12070 -69248
12188 107084
12640 49810
12649 -8070
12666 102838
12730 71369
12812 -112071
12896 -219130
12916 -110627
13023 -149762
13189 159470
13277 81863
13339 218594
13416 -36033
13593 40437
13711 181769
13899 -194407
13943 -58259
14000 -87988
14005 52125
14090 9618
14102 -213369
14181 226105
14321 -184464
14367 -158105
14367 -111238
14650 -227125
14669 154667
14804 140559
14849 33381
14912 56405
14914 216679
15092 91896
15173 25457
15181 -111673
15254 103966
15303 150933
15474 132498
15567 -199417
15616 148014
15671 32644
15782 149442
15794 -27938
15914 30096
16183 -202980
16288 -135598
16298 218204
16331 200214
16337 -188649
16451 127621
16482 227331
16509 204570
16631 -220503
16711 -196077
16870 -68867
16882 205786
17375 67118
17455 -44521
17604 7011
18106 -129007
18113 -49406
18567 11864
18678 -63640
18776 72928
18979 -197225
19219 -207824
19304 143008
19336 -181516
19631 200764
19720 187581
19938 -32577
20092 -225012
20147 -126671
20258 92876
20342 -183012
20369 -34549
20393 -54873
20428 -194818
20476 177867
20528 -36110
20602 161249
20612 23311
20711 175459
20723 -50740
20728 40481
20816 -187736
20824 149636
20870 10964
20934 138188
21299 -110966
21357 -2936
21367 77486
21481 -66151
21564 35993
21583 54344
21590 113035
21804 80907
21984 -66335
21989 194476
22053 -155152
22308 173909
22320 21607
22420 92923
22472 24314
22488 39390
22597 20843
22944 -213981
23031 -183244
23032 131578
23034 130570
23050 -97208
23097 24434
23118 -188525
23146 -109937
23286 50504
23490 33086
23630 -226277
24141 220265
24143 -137254
24252 129843
24265 -112119
24314 -15145
24383 -116661
24459 88077
24530 42179
24569 -104018
24666 -108195
24669 160311
24684 -173326
24792 180794
24833 -88544
24834 -60072
25256 -47625
25261 3697
25291 195079
25294 35508
25390 221843
25634 62209
25799 -165329
25800 135445
25850 -82196
25873 75804
25907 -42829
25933 -28154
25941 39136
25953 47973
25958 154654
26058 23722
26114 184742
26124 148253
26250 199581
26309 91162
26353 -143773
26436 99197
26547 8599
26941 69693
27014 -186030
27250 -164242
27354 28505
27407 116409
27420 -2971
27665 188968
27763 14476
27810 -187040
27812 84349
27838 73322
28135 -53143
28386 227692
28406 61066
28555 51884
28570 -71164
28718 105009
28795 109906
28864 194623
29137 99403
29232 6475
29288 -57028
29313 -119730
29487 21157
29766 197126
29905 134757
29952 95347
30004 14985
30018 -59184
30160 -52537
30293 109235
30486 -152048
30620 -176045
30648 -76978
31156 46778
31255 -66535
31256 105132
31543 91988
31610 -98493
31625 224390
31678 81385
31840 -60106
31892 -158394
32168 184089
32184 -154595
32288 77207
32356 -171081
32473 133705
32528 -26968
32598 122463
32631 -89569
32769 216784
32775 212675
32862 -141905
32975 138812
33077 -164431
33102 -18670
33269 -119086
33348 109713
33368 -114193
33510 35382
33547 206077
33580 114147
33748 -228277
33822 207716
33878 -215819
33914 -57164
34014 55890
34212 -182689
34337 35914
34428 -161647
34626 -148833
34700 -9241
34875 11361
35298 -129019
35620 27074
35624 -91211
35693 -127307
35971 -69425
36193 18505
36210 -215121
36295 -93264
36407 -106083
36484 52925
36621 -2966
36822 -215441
36828 193586
37137 -200901
37403 -65639
37534 106209
37625 114263
37657 23388
37905 83892
37943 82352
37957 73279
38032 -165013
38138 -124512
38231 113995
38307 28054
38519 -107355
38770 159828
38807 -8074
38814 164981
38826 169709
38829 -59182
38834 173437
38854 -86958
39027 -188928
39345 -89538
39459 141877
39634 80173
39646 185177
39779 203710
39858 -191448
39928 -111340
39932 -45599
40147 93670
40364 -228465
40477 189305
40509 167069
40585 92661
40670 21717
41264 -36671
41443 -56884
41448 19863
41591 193533
41892 102443
42027 -46141
42062 -188894
42360 32901
42469 -189109
42507 28118
42570 63214
42701 83215
42771 -209336
42844 60400
42850 -81975
42879 -32919
42882 66718
42886 33389
42953 149200
43257 215126
43332 11258
43395 -126603
43437 47376
43533 -121939
43573 23262
43748 -215151
43941 227932
44056 83642
44381 -171665
44584 112475
44734 -55299
44786 -98269
44890 -185788
45275 168955
45282 192284
45296 147108
45409 210006
45447 -123211
45589 -222246
45681 -85180
45748 -9036
46360 -192460
46481 -144348
46671 197233
47086 172383
47172 119600
47179 136402
47201 89088
47204 -7429
47214 76235
47323 -186471
47429 -135536
47646 23919
47692 -10173
47851 -44249
47859 109364
47875 153517
47941 93779
47986 -49466
48173 -78907
48372 171985
48462 -149626
48470 52297
48540 -55065
48683 -162892
48830 19537
48845 -80392
48862 138444
48909 -84807
49041 -148847
49051 -160825
49121 147480
49172 -89330
49193 75175
49337 -60505
49417 -118053
49421 223309
49801 40585
49810 -170157
49832 -14374
49954 -147005
50042 11155
50330 -16120
50694 -213860
50809 -57582
50899 39056
50925 -224455
50983 194768
51021 175254
51100 212629
51220 73511
51507 68693
51835 -192504
51888 -90301
51908 -35657
52067 187831
52094 -193511
52150 -123383
52163 -48621
52221 108446
52246 -116451
52304 120655
52337 -57449
52485 140043
52496 -172849
52583 50891
52612 -118108
52637 -39880
52785 15500
52971 7931
53255 -32880
53295 -207107
53344 -60093
53363 84183
53375 -122791
53623 130844
53838 -141871
53888 -46051
53979 -220934
53981 145444
54038 98539
54100 -58932
54159 32672
54393 -34576
54442 163672
54549 -46085
54590 -86787
54627 31138
55256 94655
55505 -206632
55525 88431
55871 65846
56038 -144826
56053 -214968
56115 183874
56129 83891
56350 -50379
56467 -38187
56521 -51270
56593 139998
56951 -169040
57029 183673
57341 219765
57362 -164142
57364 -179595
57377 -15640
57508 -45870
57622 -82059
57689 -218052
57917 -149876
58123 -98906
58476 -65628
58569 170069
58680 149551
58757 226739
59136 58734
59330 -50755
59375 44609
59429 227696
59437 -18841
59485 128411
59615 144929
59776 -175041
59991 -10496
60090 116152
60137 43204
60176 92628
60182 -184095
60209 -99166
60248 5945
60297 33718
60479 -91105
60894 -27601
60940 220671
60952 -131939
61014 118433
61236 83995
61761 122422
61805 -22071
61915 201703
61973 -41206
61993 -4816
62065 5742
62424 -149582
62499 12395
62775 -15249
63099 -78212
63383 -165164
63508 -119620
63525 -130720
63695 -75929
63867 -76808
64022 175924
64466 -160138
64573 93762
64618 -120206
64650 55258
64983 4865
64985 -91488
65165 224855
65260 195894
65333 -52970
65391 -116042
65604 80688
65914 19549
65943 -38648
65978 83067
66124 149407
66133 65383
66140 -113649
66304 -16670
66311 -105418
66671 3228
66694 66085
66843 -124898
66915 9898
67114 -162839
67145 200646
67407 127289
67493 9095
67747 23414
67912 30279
68259 -35379
68328 -81638
68395 -51808
68436 159782
68659 129711
68670 -101602
68686 -105714
68697 119439
68769 106144
69015 -197132
69028 -26450
69168 139303
69300 -57596
69407 67419
69410 -148541
69424 138196
69656 -63657
69749 -203890
69950 -103533
69954 -139173
70088 50519
70107 -218976
70632 56362
70962 12990
71303 -174912
71333 -42930
71417 -29968
71452 173520
71532 146047
71730 -160825
71742 -47895
71781 171962
71961 -12346
72118 -146989
72231 -220929
72543 -37214
72602 -143941
72784 -181404
72841 152014
73053 83789
73279 211977
73461 -169363
73534 101052
73779 -202479
73799 -150923
73815 171586
73918 -227336
73919 129184
73994 126987
74032 -36164
74034 -15033
74064 -111826
74273 -221093
74610 122632
74699 20214
74709 136992
74739 131028
74740 96063
74855 49124
74989 191101
75121 -132661
75301 159050
75393 175224
75523 21426
75530 -11960
75710 29641
75741 -113767
75899 -2224
75960 188646
75971 -74220
75979 -78728
75988 76763
76058 -149116
76331 55314
76346 124978
76688 -116467
76826 197845
76914 57717
77099 -66456
77130 18633
77185 -141832
77235 -196826
77266 57598
77352 -203045
77504 224541
77535 118649
77539 160020
77615 158289
77727 25098
78087 -86163
78540 84275
78555 171725
78595 -98139
78814 219116
78815 -81926
78878 191040
79089 -108594
79211 -135146
79256 -136046
79352 -55572
79387 211504
79401 209797
79573 208425
79767 226781
79924 -47236
79977 -18900
80001 178844
80033 128947
80184 -148231
80257 43271
80427 46886
80662 -115544
80682 -15489
80919 72128
81013 74544
81338 104287
81385 67250
81507 99914
81839 213681
81963 56472
82507 -46380
82517 164826
82577 -97585
82595 -155358
82980 132873
83066 69153
83150 -1376
83322 -206039
83548 71172
83663 -135423
83932 33007
84190 -62481
84275 -57334
84324 7910
84565 34516
84681 211740
84754 -205959
84816 -55255
84878 189041
85005 207636
85006 -194011
85027 205527
85207 106140
85230 70666
85351 165148
85361 -30625
85489 122218
85498 -110308
85514 172512
85595 -209894
85878 148743
86024 104615
86790 50512
86809 171933
86869 210846
86987 137559
87091 -153931
87093 -165962
87306 -98434
87383 141706
87732 -211888
87845 -32196
87948 -112184
88007 71098
88172 149346
88218 -211272
88276 205604
88467 180373
88528 -200051
88614 -130512
88627 -90975
88635 5632
88785 193784
88877 -223807
89091 89474
89127 -21
89155 64818
89182 -181532
89221 109121
89222 -53266
89595 201113
89717 -143076
89759 150047
89775 145638
89782 104243
89923 109255
90104 128246
90202 221462
90320 175446
90406 -110933
90507 -34996
90649 21861
90710 221407
90786 31781
90857 117191
90952 1875
91002 74190
91051 3186
91286 -179286
91368 -62938
91626 -148509
91710 -142131
91719 -77945
92161 112179
92206 5612
92337 -87355
92441 -52017
92522 90012
92856 -188903
93076 171369
93231 9335
93481 134389
93495 -139374
93575 -49901
94339 -51924
94341 212907
94510 -226648
94550 -124542
94561 169855
94600 53806
94683 -35039
94712 -2027
94780 -39149
95098 -21299
95130 187017
95196 114495
95201 -22906
95229 181627
95239 218634
95321 -220495
95388 157738
95397 -152735
95487 -195371
95508 -152645
95759 136245
96076 -35344
96175 -3844
96410 94712
96472 160629
96580 -164624
96656 171043
97243 151005
97466 114900
97823 -150678
97852 107981
97892 176841
97950 197879
98128 -135784
98217 114679
98221 61877
98711 -48751
98785 225509
98821 213073
98946 -220286
99243 -213485
99261 -138212
99670 -207729
99885 88365
99942 -13178
100039 -205191
100230 55698
100251 -51428
100255 111503
100333 -211932
100358 17084
100389 132173
100437 -59606
100551 111322
100635 214118
100654 53228
100664 -12619
100696 -179434
100732 193723
101012 85946
101136 73537
101231 -124620
101376 -184043
101408 -208864
101525 67482
101855 207181
101943 -180816
101965 121525
102020 -179224
102046 36631
102117 -205927
102175 108835
102237 181003
102279 139481
102412 23291
102442 -111116
102769 -170144
102784 -100489
102815 22437
102934 215478
102976 161577
103207 189587
103251 75404
103446 -145521
103684 -151550
103849 -11946
104089 22217
104260 35439
104300 118315
104463 132479
104552 -100556
104693 -75341
104767 75919
104802 121208
104861 150449
105471 108288
105533 -43886
105536 129939
105668 -109184
106011 -104369
106016 -834
106049 -149081
106248 32601
106539 -30703
106571 -111845
106616 -72109
106637 180260
106875 -182110
106906 48912
107129 18731
107444 48626
107500 -4045
107515 -128394
107579 -60554
107763 -149895
107767 46916
107767 197968
107794 -55469
107877 -195354
108001 64847
108042 -1617
108134 127761
108541 -147550
108873 287
108942 -110026
108983 -91906
109108 -161507
109110 -135474
109264 142125
109275 139008
109284 -52307
109354 -101980
109688 -197052
109829 -180384
109858 -135606
109918 -109267
109953 28505
110767 -86367
110799 115488
110813 27137
111065 -185869
111401 -216631
111447 -88353
111498 181052
111614 16072
111616 -119709
111818 154051
111892 -52229
112157 293
112223 215951
112601 144057
112670 -132505
112706 -177512
113071 100623
113112 64572
113180 -36943
113584 202436
113629 27854
113742 72490
113959 -162921
113966 162632
114031 196303
114150 -22490
114183 -1626
114220 -222093
114237 -92552
114309 -23994
114326 212677
114652 -102026
114741 102453
114843 -86587
114969 -72743
115219 -61154
115267 87563
115274 -117100
115321 -158475
115361 43661
115558 -79426
115631 -107367
115858 6278
115889 159718
115895 170865
115916 91416
115977 4682
116069 182685
116391 -114744
116440 -108097
116441 -145143
116471 79593
116482 165752
116523 128533
116699 -20474
116770 245
116830 -221030
116861 67289
116882 24499
117242 -155725
117270 -207461
117565 -100370
117588 221892
117911 -3357
118010 -12318
118745 65673
118794 32109
118807 55701
118827 -207326
118849 181359
119055 26665
119107 -82589
119140 -35616
119239 177894
119261 -3418
119307 167029
119358 66080
119398 -26093
119438 74478
119447 58809
119590 -8444
119674 -103684
119753 -3472
119790 18756
119800 44793
119809 138694
119855 151133
119933 -199928
119969 -142634
120144 -85992
120207 11101
120216 -194632
120295 -13291
120298 -221776
120379 -119052
120403 -66726
120534 57220
120870 104388
120992 -115889
121139 -85251
121237 -69339
121256 -83748
121258 -188585
121279 -43253
121990 -292
122048 84334
122138 -58350
122180 -190099
122324 157992
122444 78108
122475 98485
122517 144669
122747 -65926
122895 211796
122957 -74479
123221 207242
123325 187782
123354 -227190
123391 -34168
123429 53522
123596 -79010
123641 -41682
124109 -94970
124178 -214269
124229 -65646
124415 -100319
124501 114350
124504 -178500
124651 -52344
124675 -66891
124679 -217205
124798 -56385
124978 113212
124982 99786
125011 64940
125201 -36671
125335 55907
125568 -130458
125669 46804
125693 -58993
126058 -31849
126130 -211230
126461 6592
126574 -64885
126665 156181
126695 105616
126766 150044
127029 83040
127108 -128990
127229 -144354
127424 69314
127525 101146
127632 35575
127654 23842
127731 155598
127887 -55511
127899 -48045
127967 -182658
127990 -51169
128180 -200347
128314 168320
128371 199783
128441 -41501
128455 -206622
128625 -24118
128795 211178
129185 173651
129214 -202628
129279 75164
129698 212411
129770 -203704
130179 -155031
130190 218537
130949 -222130
131128 -46057
131167 -31723
131282 121717
131360 -216383
131403 -129769
131484 155794
131504 -170276
132099 137010
132170 -102192
132381 -55572
132571 37319
132688 132665
132739 213061
132953 -84873
132976 -24641
133051 -143080
133051 -82117
133136 191424
133425 68207
133789 42876
133864 141913
133893 -80432
133940 -89451
134075 114391
134094 100364
134158 33630
134158 72269
134208 188789
134302 -101219
134403 -169409
134510 -169896
134561 -163444
134565 -138042
134609 -91520
134660 -210893
134747 131278
134759 -13511
134899 -123143
134962 -70305
135162 204241
135296 209403
135308 152577
135313 224989
135461 21139
135532 -75056
135725 -43909
135814 -18752
135918 105586
136247 -203829
136346 47470
136612 101814
136820 -141784
136887 -84975
136935 -40511
137120 97576
137208 -160300
137461 -177665
137713 -197760
137732 169118
138328 131233
138418 -189207
138860 -123954
138973 81924
139121 187169
139155 77174
139164 -192323
139341 208650
139411 -18556
139692 180209
139785 -82426
139786 -162870
139830 12953
139854 67304
140124 55202
140241 109739
140356 47852
140388 -111615
140393 191004
140617 225517
140622 143436
140737 -17459
141013 -39354
141021 55538
141024 -176253
141052 -202313
141071 108032
141204 -48329
141220 -123806
141379 -148637
141423 27191
141457 -63355
141478 -159474
141609 -40322
141762 217027
141814 -48137
141905 -91915
141954 25656
142065 94170
142281 -83056
142325 196484
142396 184640
142548 -47538
142662 -80295
142670 223144
142711 -62789
143159 73832
143173 54963
143233 34087
143513 -139629
143608 -64274
143692 730
143780 -33182
143810 -210904
144015 -63057
144076 -67148
144079 -76086
144194 -125792
144307 -144052
144554 -140441
144636 208203
144747 219871
145009 -210644
145018 57642
145065 -203155
145108 -19267
145112 213345
145171 190607
145294 -197826
145308 27282
145348 47423
145379 23767
145621 -153889
145758 -22893
145809 -34509
146036 49160
146150 -11844
146256 214503
146280 -193819
146430 -214520
146470 -189178
146491 183843
146649 -218655
146670 -70416
146682 3360
146793 179002
146997 -15398
147141 54614
147281 -98799
147319 149901
147350 29256
147372 29614
147390 95141
147525 -177864
147567 -24889
147639 -74355
147692 -148866
147717 16379
148015 111048
148022 -57717
148079 96903
148241 23801
148317 -37290
148754 -182271
148801 -145475
148891 -164722
148941 -37576
148960 -142243
148970 193167
149103 83040
149138 -185897
149280 -202000
149434 8160
149529 169432
149542 183767
149574 -87241
149632 -175611
149782 -190340
149821 -95637
150003 -22100
150026 159534
150270 51004
150482 -73645
150790 -110160
150802 18383
151071 220688
151124 -62388
151532 90806
151727 -224480
151771 5707
151804 189932
151834 168391
151882 36482
151986 -161562
152016 -200099
152063 215327
152099 88790
152129 38661
152188 70086
152195 35302
152264 -107927
152329 54502
152377 211808
152417 162829
152500 -44638
152596 -217824
152868 159452
152871 -109353
152923 196128
153081 46381
153142 86443
153246 -19695
153280 216088
153314 -137723
153429 -139064
153591 80576
153594 -162505
153624 132680
153656 72987
153708 -67065
153812 -99514
153812 -82520
154159 -12299
154172 29136
154473 -58689
154802 -88185
154842 161261
155336 85261
155467 -54655
155495 33366
155508 -123693
155710 -180482
155711 -111727
155892 -150420
156016 -65905
156067 -218446
156179 6327
156460 -14970
156582 -152768
156586 -115972
156601 175968
156660 121322
156667 149298
156691 55779
156755 184323
156774 -70287
156873 -21975
156960 -77542
157206 227429
157305 -22062
157322 1663
157367 212838
157472 42990
157580 195631
157594 -4106
157625 -162635
157802 108954
157824 105794
157844 29765
157894 29123
157968 -215021
158017 -41456
158029 16696
158082 -137256
158224 179072
158230 196439
158558 -1202
158878 -85781
159013 -71701
159066 198766
159103 -77362
159177 8439
159241 -143429
159301 200973
159338 119662
159362 -118450
159452 144518
159845 -91240
159964 -188742
160067 148198
160697 79788
161101 -3393
161105 49108
161183 -110826
161227 151969
161270 150114
161338 -72536
161364 223429
161520 -143390
161550 145538
162384 -167070
162429 57761
162589 198642
162888 211578
163017 184761
163095 180544
163152 220341
163153 167154
163198 78145
163285 -110438
163320 -115729
163349 -220026
163377 150298
163449 160248
163811 172016
163899 63111
163985 -70029
164354 198776
164404 33018
164576 -102857
164744 10663
164773 -35677
164822 -31956
164950 52395
164972 9445
165020 -50958
165029 109078
165057 24694
165254 -82415
165299 102692
165347 -125869
165444 104144
165504 -137073
165578 -197453
165600 107072
165625 200633
165725 148850
165881 194116
166049 7741
166094 -139783
166151 63218
166637 51806
166713 98994
166752 -153261
166832 -148357
166838 -81170
166913 -73768
166918 -36287
167053 150218
167070 34350
167239 -226260
167277 -10357
167396 -146815
167499 182534
167702 142292
167755 -179427
167768 192979
167823 90325
167884 10309
167897 -141342
167951 35721
168045 -24358
168132 -192751
168275 -131140
168358 25893
168461 59153
168624 -159741
168787 -15307
168804 -178358
168896 87982
168921 221628
169039 59078
169053 -65186
169147 196815
169436 -145061
169532 107888
169697 5572
169818 -173366
169832 -133923
169842 -219371
169897 -15374
170023 71427
170068 -209575
170073 136921
170140 209988
170355 181337
170448 -172420
170601 177517
170648 -192128
170699 -150752
170702 19640
170731 -31010
170749 47930
170858 63394
170901 -72169
170904 -10858
171072 157165
171235 149493
171262 -174946
171313 9526
171625 -94199
171690 133790
171735 17592
171754 -172120
171782 131139
171813 161372
171930 102044
171953 -135324
171972 -112126
172153 180110
172219 204801
172299 173529
172430 159689
172450 -215868
172551 66509
172564 -59952
172623 -189166
172749 187214
172932 196713
173112 55862
173163 -75660
173226 -25600
173303 111661
173351 -148561
173427 139624
173510 -149173
173597 151995
173938 -170048
174417 4175
174430 -55243
174539 -43477
174546 7961
174646 18511
174747 -86441
174762 24125
174764 -29217
174950 -64701
175276 99522
175444 148250
175589 -109170
175700 165661
175757 47239
175826 -172508
175875 184584
176024 -129709
176263 85600
176264 164089
176305 49894
176314 -91607
176582 72478
176645 -221906
176737 138959
177070 130071
177135 76381
177281 28433
177321 -43154
177335 119207
177385 -73110
177388 -85137
177664 -25537
177831 68483
177871 -123486
177941 132955
177979 140613
177995 -20766
178050 212411
178053 -191833
178132 116650
178152 119852
178214 91386
178274 227950
178523 -35238
178706 136635
178739 35194
179199 -132354
179334 97986
179558 204867
179829 165275
179878 -59860
179931 -226799
180088 -31492
180219 100103
180239 181276
180239 196914
180277 -185401
180328 156340
180365 -211186
180398 -163554
180638 -127685
181043 -106411
181078 120940
181094 -105147
181132 -57760
181133 -43464
181269 144931
181378 -183087
181588 -179794
181649 12818
181684 116315
181777 -49840
181979 -121876
182015 -87161
182366 -162207
182816 157629
183126 -129467
183182 56239
183338 172914
183353 -182135
183366 -60643
183467 -24359
183496 50602
183506 224036
183908 157317
183963 -155746
183968 171268
184166 17693
184396 -224634
184414 -224362
184478 184790
184559 -69575
185074 -127580
185178 -182226
185306 -92002
185857 6679
185987 93629
186035 -116120
186106 32466
186337 108315
186531 -126642
186593 137293
186751 154666
186780 -180352
186793 -108164
186817 -191869
187014 -38350
187284 207885
187301 -30519
187364 -121345
187419 -5410
187452 70349
187601 -197347
187653 -227457
187845 165474
187859 -70189
187965 147047
188105 -26806
188530 -144877
188574 -145965
188574 -62324
188777 -180821
188800 -209429
188937 -138243
189224 -97493
189467 93848
189471 -185934
189510 -126346
189532 114751
189557 208686
189903 218118
190027 -70743
190099 21193
190226 -105795
190539 143162
190855 151118
191041 118027
191076 -128389
191099 -67449
191349 -60032
191377 136147
191550 221023
191651 68289
191652 -24881
191674 -167768
191870 -216338
191986 118343
192037 212702
192040 -69816
192304 76122
192550 -15857
192660 176325
192756 210110
192779 -44332
192892 225569
192920 -109554
192950 -70134
192975 66339
193015 47443
193083 25606
193276 172321
193291 129191
193292 31441
193634 -73875
193926 179524
193995 30937
194156 173835
194314 15119
194426 -196585
194477 35038
194495 -40920
194628 169165
194741 -191907
194816 -131737
195334 36567
195419 174569
195527 -125541
195560 -24559
195639 40848
195691 223363
195906 154661
195942 -56647
196153 -192538
196272 88917
196516 -37243
196596 -38918
196708 -5205
196761 -38056
196799 -13832
196981 159892
197096 -87228
197110 -54598
197211 -19564
197229 -91945
197335 -142270
197504 205491
197510 95127
197663 190474
197720 -56197
197755 -98356
198383 163242
198510 5558
198657 919
198663 156098
198707 -20431
198848 203000
198854 46216
198858 -165351
198860 150718
198949 84451
199088 -16019
199260 -11108
199287 -20356
199319 69635
199369 -43165
199559 -53032
199570 -99910
199766 36202
199964 3119
200011 68550
200096 -222819
200328 -150414
200675 195131
200715 137048
200875 208276
200971 -131297
201059 -26532
201108 203433
201133 -55431
201147 186359
201261 -96156
201277 221640
201322 185503
201382 -149080
201615 -75577
201862 -144096
201900 159944
201914 218563
202014 -204433
202302 20373
202413 -186173
202491 -101345
202672 -95710
202716 -121126
202751 16661
202808 44815
202823 219450
202834 157296
202909 148273
202967 -167489
202977 -123438
203132 140355
203215 -146364
203308 224128
203312 -148635
203602 77506
203717 195850
203792 93034
203889 133928
204136 -216278
204140 -46455
204231 14476
204396 110680
204534 71986
204546 -64622
204672 -207660
205044 -146576
205299 -173389
205387 115251
205471 98822
205482 -85378
205545 -130492
205583 75973
205690 -72899
205806 195965
205854 -224673
205872 -149051
205944 -42658
206049 73759
206300 32659
206340 -46163
206356 68797
206391 -161697
206541 -21647
206642 -143598
206681 -41608
206693 -169840
206704 -37465
206817 -174952
206878 -132979
207210 -83990
207434 35845
207443 223852
207498 -181411
207632 -199378
207699 -191004
207808 226384
208156 80704
208216 61444
208521 199761
208634 -176353
208742 -170321
208769 201981
208880 194784
208889 -129321
208918 -207911
208922 -86789
208928 -223146
208967 76471
209057 42392
209131 163763
209267 139226
209510 19562
209561 160930
209590 -40573
209644 -193710
209847 -72298
209877 -143403
209899 92239
209955 -134745
210072 208117
210154 166096
210182 -206112
210419 189175
210509 165052
210562 156184
211091 -81849
211185 7888
211509 28498
211762 64942
211766 110142
211850 40638
212055 48060
212262 -213340
212350 -210522
212362 131927
212824 147529
212870 210228
212892 -15485
212995 -148380
213091 -220212
213194 -60350
213239 73551
213341 72706
213451 -72524
213483 -180686
213569 -74507
213786 -196671
213869 -152118
213928 -191881
213947 -28672
214096 87964
214240 92319
214402 -75664
214426 -71692
214490 125044
214492 -222265
214502 -100333
214605 -215894
214814 -64796
214912 -128046
215198 -132731
215300 64067
215365 25576
215390 223907
215574 65540
215594 -186205
215601 -144761
215902 58017
216209 41583
216300 171464
216480 143238
216559 20539
216655 147555
216766 155633
217080 -177058
217358 67759
217456 -40079
217497 177311
217675 -173052
217773 -213609
217791 -86783
217991 -45740
218120 -97085
218191 -153930
218348 50174
218417 -151542
218445 82441
218498 135472
218600 -150067
218602 -169948
218644 -228489
218841 -175949
218903 -147848
218951 -155953
219172 111375
219310 207386
219464 199865
219518 190853
219651 101108
219883 -17674
220004 -22441
220265 -147629
220312 27809
220562 -202007
220601 133756
220648 83123
220793 124442
220897 -217777
220935 -199943
220963 -204197
220997 -55971
221001 102729
221031 -90632
221051 225274
221270 -93307
221344 185820
221422 124230
221443 77773
222193 -148320
222301 -173474
222422 182870
222466 -161591
222688 -124879
222756 226094
222954 -136889
223159 185846
223195 149705
223426 -185879
223437 -109107
223465 194855
223559 -176141
223818 47785
223928 146123
224108 168693
224155 -141396
224551 -21386
224612 39958
224667 179510
224842 178664
224891 207009
224998 126002
225141 -95460
225391 67011
225575 -61030
225716 -30826
225883 -149123
225945 -155974
226072 40561
226077 26190
226141 -218630
226280 -12501
226468 209771
226662 -12043
226680 96681
226855 -67866
226881 -163261
227091 -170092
227212 -116585
227324 -4854
227343 -27200
227354 -48527
227798 -208018
227889 8344
227918 -108273
228071 163099
228112 206986
228167 167390
228184 -16060
228386 -187912
228394 179640
228440 190910
228447 115380
228542 61758
228671 63659
228673 11975
228697 -98251
228763 -5798
228895 -55537
228984 -214787
228996 218039
229277 87144
229292 82780
229378 185472
229549 -13317
229604 -56046
229644 -168433
229694 223026
230077 194259
230079 10058
230385 22996
230474 207832
230535 212670
230546 -126641
230621 -164346
230697 -136237
230746 -151991
230760 -44035
230767 -117712
230820 96898
230922 216128
231056 176686
231153 100628
231182 151523
231343 84940
231389 10574
231420 -218316
231603 -175900
231732 142810
231885 -150584
232192 -59232
232337 -84832
232358 138723
232447 -179885
232450 -92733
232732 108338
232799 22193
232917 221365
232948 -24937
233071 -199775
233173 -199155
233342 -80244
233379 -177659
233524 54255
233546 203905
233656 38618
233808 102244
234225 5030
234377 -14323
234382 -78535
234501 138176
234521 -27918
234605 55720
234675 124735
234835 100106
234899 -107450
235097 -29198
235105 -149113
235304 204276
235512 190611
235616 -113387
235906 -88079
236285 -157564
236315 -173082
236647 -25605
236674 -226581
236712 46814
236747 169414
236892 35008
236944 171644
236946 41644
236967 -119672
237313 171646
237323 29419
237509 40127
237518 -124713
237674 -94119
237818 -164825
237902 45981
238084 182272
238090 220813
238141 56043
238158 223394
238253 -36832
238364 68336
238625 157934
238706 -75602
238986 -61590
239061 -176531
239178 70561
239292 65598
239328 109283
239418 189588
239470 204505
239520 -221616
239569 -199077
239571 183433
239613 -55913
239657 -110027
239667 158802
240041 225942
240057 -177742
240088 20168
240117 32027
240362 173802
240521 161418
240674 19013
240962 -31163
241083 45580
241105 -216787
241244 40576
241474 -15496
241638 1151
241669 81556
241778 94014
241859 -175114
241956 59881
242245 -59553
242333 -115680
242394 -103215
242563 -259
242693 -115432
242727 30478
242852 127453
242990 187108
243058 -43438
243169 65704
243226 110134
243265 -223365
243295 -204857
243315 170164
243333 -101606
243359 -79503
243421 -18268
243657 45881
243666 83797
243730 13187
243779 195067
243966 59331
244026 85259
244209 -160162
244632 -146222
244965 204560
244984 -136487
245030 6539
245473 -54668
245599 67050
245998 -51266
246076 -196747
246101 -5797
246184 -87955
246320 70304
246362 -222386
246613 -9529
246614 -205040
246763 -211932
246804 198529
246882 -9622
246899 -46440
246997 -146656
246999 31231
247275 -204395
247679 154321
247681 77421
247697 167772
247809 196217
247875 81499
247941 -14269
248111 -97639
248476 202298
248515 -24320
248905 8402
249501 -96931
249548 94708
250206 -174895
250419 32522
250628 -220968
250695 -187178
250722 -5032
250800 175518
250871 -32209
251119 74426
251476 175311
251560 -210433
251652 -149977
251683 133661
251737 -94882
251854 216957
252014 48320
252048 -171508
252098 -81218
252129 -82387
252356 197245
252377 -61938
252572 25932
252574 39767
252702 31784
252738 -112586
252756 -63289
252808 -51287
252911 -12692
253077 -73610
253083 123256
253251 -165646
253271 -196670
253403 155884
253479 -209999
253539 -3975
253574 -170573
253575 -3045
253659 -156383
253682 -145153
253772 216807
253835 -91066
253885 43923
253909 106148
253964 -152642
254226 52787
254297 -162648
254306 -775
254371 -62328
254567 -209382
254651 -162240
254948 216602
255049 143040
255052 -60411
255086 -39345
255128 169917
255528 74286
255650 -181405
255693 -203274
255730 -62151
255800 97716
255818 75120
255960 -108292
256088 -82128
256109 111567
256123 -130998
256447 -153036
256637 -11467
256726 76642
256771 92828
257084 -44645
257258 -92859
257272 -162178
257414 20314
257465 43833
257662 34198
257820 50353
257823 58820
257837 -211045
257880 -192867
257922 -24828
257924 -99683
257954 -187875
257977 -165007
258069 -11640
258168 43769
258187 216924
258292 138640
258293 190232
258297 -165778
258375 -93338
258597 -144484
258892 -213411
258902 208318
258975 -104112
259096 84516
259137 176405
259269 26688
259637 -217207
259701 35897
259853 -61956
259890 194742
260025 -77988
260082 -223913
260095 -100163
260183 -46814
260339 -146164
260384 192446
260791 189407
260916 205962
261537 206443
261641 -149249
261935 -70252
262100 128274
262302 -125216
262589 -181732
262651 220347
262856 -214789
263155 -223262
263201 16188
263488 103173
263673 -226549
263785 -123228
263828 29883
264179 148835
264183 141301
264315 -21083
264506 -64720
264678 31500
264757 -52287
265152 -56584
265231 72474
265261 71724
265457 174218
265620 -177249
265682 -106360
265842 40024
265869 131723
266062 80128
266091 -95561
266322 156790
266436 -85777
266462 -20831
266474 -102436
266496 79042
266560 -101310
266647 56743
266930 -21645
267039 43231
267282 124921
267325 -39761
267449 -20216
267627 99622
267666 -182470
268330 -23171
268351 22704
268623 198162
268671 -166924
268856 -201153
268858 -42853
268871 20516
268915 179604
268980 60448
269095 -147298
269149 -4507
269176 -63386
269191 -147389
269241 -121032
269328 -68339
269386 65239
269420 -227126
269568 47540
269570 201799
269694 23944
269779 -163057
269834 -62294
269941 -189183
269978 202363
269985 221153
269988 64813
270125 -26979
270272 -21146
270336 -203166
270380 -87081
270436 62864
270464 206045
270482 -220648
270543 -125636
270718 2265
270814 117063
270842 -26485
270847 -214287
271090 157828
271259 222790
271462 -32307
271501 -173514
271509 56152
271846 57457
272007 57262
272027 199776
272108 -19492
272208 -8686
272242 -149862
272264 23425
272272 142888
272295 97957
272297 144950
272307 -222341
272433 -198731
272616 -211347
272875 -83874
272969 100972
273036 115825
273045 99985
273123 85545
273143 198105
273147 -209757
273163 46971
273282 118906
273435 -32949
273709 146575
273848 160529
274196 -141356
274326 17957
274375 2830
274536 208291
274711 208996
274922 -161154
275088 -211344
275295 -108516
275480 -83920
275488 96820
275583 146309
275682 -101659
275804 59583
275862 -18292
276000 20299
276052 -94018
276146 -224531
276212 -227790
276265 28238
276350 48677
276459 782
276469 -77508
276580 -186217
276711 -157321
277139 210500
277348 77199
277537 30745
277577 168412
277780 87201
277891 206756
278081 -142622
278092 24843
278347 -168113
278356 43113
278499 208811
278740 8747
278774 51274
278850 81586
279160 44283
279209 -23429
279215 224365
279229 161095
279317 -145600
279474 -34287
279498 173997
279499 -171852
279603 -63202
279674 52014
279905 114562
279946 30657
279959 -17186
279966 50583
280075 47434
280243 -183674
280348 150539
280350 129288
280361 -127462
280370 -171114
280377 -49437
280414 80976
280427 -120310
280481 53502
280534 -225482
280692 -108007
280727 69678
281075 -102828
281128 21800
281334 34700
281349 -185581
281370 -13497
281462 84655
281523 67149
281557 75618
281563 78462
281637 138636
282066 100405
282176 -33217
282251 111590
282436 -154312
282461 145937
282674 135035
282711 1599
282905 155922
283039 -161562
283145 52445
283254 -180352
283463 163019
283552 82149
283583 109356
283774 75473
283881 4954
283931 2592
283940 118866
283981 179069
283985 -104505
284006 -161786
284084 174803
284142 220211
284347 -39522
284713 -56245
284956 113625
285085 -218415
285344 -37538
285359 -128807
285512 14446
285657 -85475
285758 -208100
285792 220203
285843 -82803
286068 144649
286088 32597
286247 135019
286248 -217366
286282 -615
286332 68602
286361 69967
286415 -13330
286423 -128629
286476 -113581
286591 -162889
286780 -142458
286859 64991
286912 153618
286941 95658
286981 223026
286996 -96875
287291 -34851
287371 175488
287381 -95052
287424 -205710
287430 174100
287591 -165628
287600 178893
287662 -102026
287900 184298
287983 -170916
288256 181147
288301 98496
288346 -50154
288355 -10600
288754 -115698
288843 219131
288867 -70143
288871 -34424
289185 -134903
289420 124102
289432 94611
289449 -164951
289490 -37053
289823 27921
290065 52961
290122 91817
290194 140767
290261 94408
290482 -138869
291024 -84590
291210 -44817
291283 23050
291322 133152
291349 199843
291412 -174392
291585 -182246
291604 18467
291620 -11793
291783 -50265
291840 223470
292224 -42058
292323 189618
292438 197796
292493 182071
292539 32478
293096 74316
293221 107332
293277 214388
293409 -3145
293432 -61923
293462 -94762
293577 -55077
293816 161579
293923 94227
293936 -17683
293953 97164
293969 11521
294003 -67176
294041 99290
294211 -65612
294402 50953
294439 206549
294474 -4038
294645 -142572
294661 -216720
294756 -155839
294851 -211263
294854 226450
295178 -164832
295223 -21256
295234 88485
295300 -52205
295406 -128718
295425 -26349
295711 56188
295740 -95264
295825 -109754
295882 -225557
295899 -156912
295987 124763
296050 -227365
296227 -153917
296300 -126992
296400 193408
296407 89137
296418 217819
296476 160239
296479 88260
296767 -15905
296880 -142872
297093 -5018
297314 -966
297396 11819
297761 179193
297990 223375
298268 -6970
298487 131321
298847 -138713
298885 145009
298980 114209
299039 71200
299301 -56424
299307 224071
299401 -162812
299421 -179951
299502 65574
299602 148568
299656 -79603
299718 167610
299733 165634
299980 -189777
299983 -202414
300258 105604
300259 126868
300337 -7163
300536 -46639
300542 64
300679 -19082
301056 207086
301186 80361
301311 133349
301333 199332
301357 -218854
301372 61261
301405 20988
301560 -223248
301576 -194160
301615 -40129
301638 -3848
301648 -223028
301680 40922
301693 72793
301700 -96835
301770 25351
301812 -197801
302059 -73610
302202 -177330
302249 -219367
302325 -645
302424 -23803
302523 115244
302603 -143514
302623 -107940
302810 95594
302985 167895
303257 -72062
303311 74736
303495 75359
303505 138645
303533 207366
303589 -20291
303755 -45210
303895 159085
303900 163572
303988 -147167
304013 224341
304057 6803
304088 -85257
304171 -134816
304252 -67752
304521 -171750
304659 29986
304674 -106435
304712 195215
304723 55279
304734 -128642
304802 -64538
305047 169157
305253 196421
305330 -64880
305579 46594
305610 161026
305718 228605
305772 24040
305941 62983
306085 -188333
306100 3443
306157 -101315
306204 -171036
306379 38546
306381 -161600
306461 21325
306543 -219612
306580 -135681
306611 151140
306667 183608
306694 123990
306877 -165466
306906 -57323
306910 -98275
306978 21567
306986 -203009
307141 123948
307191 156036
307421 -217413
307439 57424
307472 -183710
307509 -135314
307594 146585
307613 38799
307735 -216484
308464 -9718
308539 -135956
308612 -12491
308684 -128661
308857 -214029
308891 228334
308998 9389
309034 -183394
309126 -44393
309618 -46868
309729 -24947
309864 -215153
309883 -55970
309937 4539
310062 -76638
310131 60189
310297 -184914
310516 -52834
310533 60651
310852 -26189
311130 -227910
311152 -224445
311178 -2024
311396 98250
311433 -225429
311444 42843
311534 157003
311737 179255
311814 184524
311895 -68548
312635 193188
312883 111963
312893 34130
312911 -223613
313016 -21273
313039 -75880
313294 -111192
313352 -21071
313402 -217078
313585 4105
313837 -49888
313904 -187148
313966 7289
314002 -37073
314079 -76582
314432 16675
314606 152691
314748 -88464
314786 -9832
314867 -92262
314917 157270
314988 -125333
315099 -151050
315151 24851
315187 92174
315326 64723
315426 -74703
315429 -94220
315445 218753
315865 195338
316008 4897
316066 -12066
316135 190569
316175 13218
316457 201057
316548 -68323
316656 -93145
316723 -137621
316725 133141
317378 -51077
317454 65369
317459 4793
317487 201096
317627 111182
317644 -63315
317751 -104058
317792 -59430
318142 146277
318162 -155116
318284 77855
318365 43706
318371 -170910
318503 -205232
318504 -195895
318552 154260
318599 201890
318741 22922
318791 119465
318805 137455
318842 -203860
319018 -190160
319061 -64678
319104 -122185
319152 -203238
319210 -7355
319483 -170018
319750 34688
319782 -190365
319845 98039
320097 -106987
320134 -129871
320177 -168440
320274 -1677
320385 64543
320498 -99925
320624 -179911
320949 7205
320952 225442
321140 -89154
321227 183119
321390 -95530
321536 -111377
321684 6346
321796 90710
322011 -119568
322047 89060
322155 -187837
322162 -150377
322482 -42836
322544 -116633
322627 -198927
322632 -109646
322885 -155188
322906 90304
323280 45165
323601 62765
323909 98505
324002 27633
324267 127951
324269 134296
324336 152222
324818 -4374
324822 177515
324851 -206020
324891 215395
325211 -214010
325248 -24352
325554 67338
325960 -11943
326005 -23199
326055 8373
326088 -188979
326180 34496
326401 -45298
326426 75879
326493 -29833
326498 21768
326680 -6314
326982 -205817
327140 52722
327171 -29208
327205 -127152
327290 -2326
327293 -221348
327453 -43557
327621 121311
327786 -65615
327879 -179860
327891 181675
327902 -139247
328056 -83504
328066 -73175
328259 -65167
328309 174306
328387 -195268
328454 21823
328616 -77340
328701 179831
328702 -214824
329040 177207
329254 168781
329320 34097
329443 173242
329665 -204059
329777 -35400
329982 -189819
330067 -23473
330103 128658
330173 -16048
330538 -111056
330562 124433
330775 -211534
330815 93921
330930 63010
330935 100377
331086 -222054
331120 143747
331124 -42269
331124 128985
331135 178978
331238 -142610
331619 216414
331707 -144305
332080 114005
332112 533
332136 21996
332269 -207749
332271 116743
332576 75559
332645 108531
332675 -134549
332740 -160653
332867 -192508
332966 43309
333144 -28055
333239 -16284
333615 221018
333737 101099
333751 78996
333761 153589
333889 118867
333950 102815
334013 -172053
334109 139447
334264 -74185
334462 152638
334490 -92705
334535 -152430
334535 -80792
334548 75891
334920 132148
335317 -55923
335491 -179194
335619 95519
336134 -108932
336178 25510
336189 222454
336806 110351
337030 55775
337252 -131925
337393 80564
337404 113525
337419 -147290
337640 225016
337730 44520
337814 -97871
337824 206613
337968 -182811
338016 -170476
338091 -205419
338193 201724
338269 -217868
338297 -7323
338342 168094
338661 -193149
339030 -20409
339123 63966
339179 4580
339340 -98558
339395 66887
339632 185383
339649 -13781
339789 156301
339807 122714
339952 44775
340087 -117485
340316 43158
340325 -223026
340436 -2195
340498 95746
340603 -86933
340841 -203662
340845 -75910
340860 -106803
340909 25868
340963 123076
341093 -51432
341325 182471
341459 171022
341507 -111703
341559 162441
341751 69644
341857 -151019
342546 21375
